pep_length	start_pos	hla	weight	w
8	1	HLA-A01:01	3.670e+00	4.829e-02
8	1	HLA-A02:01	6.596e-01	7.249e-03
8	1	HLA-A02:03	6.374e-07	1.275e-07
8	1	HLA-A02:04	4.794e-04	7.989e-05
8	1	HLA-A02:05	3.404e-06	6.808e-07
8	1	HLA-A02:07	3.036e-03	2.530e-04
8	1	HLA-A03:01	1.750e-01	9.721e-03
8	1	HLA-A11:01	6.486e-03	2.162e-03
8	1	HLA-A23:01	3.317e-05	3.317e-05
8	1	HLA-A24:02	1.752e+00	5.308e-02
8	1	HLA-A24:06	3.814e-05	1.907e-05
8	1	HLA-A24:13	7.094e-02	2.365e-02
8	1	HLA-A26:01	1.402e-07	1.402e-07
8	1	HLA-A29:02	1.463e+00	2.868e-02
8	1	HLA-A31:01	1.686e-02	2.408e-03
8	1	HLA-A32:01	4.671e-08	2.336e-08
8	1	HLA-A66:02	4.412e-04	4.412e-04
8	1	HLA-A68:02	3.583e-01	3.982e-02
8	1	HLA-B07:02	2.660e+00	1.511e-02
8	1	HLA-B08:01	5.166e+00	2.414e-02
8	1	HLA-B13:01	1.185e-03	5.927e-04
8	1	HLA-B13:02	1.135e-03	5.674e-04
8	1	HLA-B14:02	7.897e-05	1.579e-05
8	1	HLA-B15:01	1.043e+00	1.241e-02
8	1	HLA-B15:02	1.014e+00	2.815e-02
8	1	HLA-B15:08	7.724e-03	7.724e-03
8	1	HLA-B15:11	1.206e-03	1.206e-03
8	1	HLA-B18:01	9.364e-01	8.670e-03
8	1	HLA-B18:03	2.023e-01	7.782e-03
8	1	HLA-B27:01	8.963e-08	8.148e-09
8	1	HLA-B27:02	2.741e-13	9.136e-14
8	1	HLA-B27:04	3.132e-16	1.566e-16
8	1	HLA-B27:05	3.421e-02	2.443e-03
8	1	HLA-B27:06	6.776e-16	6.776e-16
8	1	HLA-B27:07	3.452e-09	1.151e-09
8	1	HLA-B27:08	8.136e-15	8.136e-15
8	1	HLA-B27:09	2.513e-01	1.933e-02
8	1	HLA-B35:01	2.175e+00	1.208e-01
8	1	HLA-B35:02	9.639e-05	9.639e-05
8	1	HLA-B35:03	6.486e-04	2.162e-04
8	1	HLA-B35:06	1.945e-03	1.945e-03
8	1	HLA-B35:08	7.004e-03	2.335e-03
8	1	HLA-B37:01	3.720e-02	6.199e-03
8	1	HLA-B39:01	3.768e-03	1.983e-04
8	1	HLA-B39:06	2.233e-02	1.314e-03
8	1	HLA-B39:09	5.407e-03	2.704e-03
8	1	HLA-B39:24	3.023e-02	1.591e-03
8	1	HLA-B40:01	1.672e-03	7.963e-05
8	1	HLA-B40:02	1.551e+00	6.357e-03
8	1	HLA-B41:04	2.588e-01	6.471e-02
8	1	HLA-B41:05	1.544e-06	7.720e-07
8	1	HLA-B41:06	3.211e-05	3.211e-05
8	1	HLA-B42:01	1.816e-03	1.816e-03
8	1	HLA-B44:02	5.026e-01	2.185e-02
8	1	HLA-B44:03	6.570e-01	2.346e-02
8	1	HLA-B44:08	4.635e-02	4.635e-02
8	1	HLA-B44:09	3.546e-02	5.911e-03
8	1	HLA-B45:01	1.023e-03	5.116e-04
8	1	HLA-B46:01	8.640e-01	5.400e-02
8	1	HLA-B47:01	2.553e-02	6.383e-03
8	1	HLA-B49:01	4.260e-07	1.065e-07
8	1	HLA-B50:01	2.331e-05	3.885e-06
8	1	HLA-B51:01	3.634e+00	1.533e-02
8	1	HLA-B51:08	5.344e-02	3.563e-03
8	1	HLA-B52:01	3.733e-02	3.733e-02
8	1	HLA-B54:01	3.977e-03	3.059e-04
8	1	HLA-B56:01	2.041e-04	3.401e-05
8	1	HLA-B57:01	1.169e+01	1.082e-01
8	1	HLA-B57:03	6.886e+00	1.640e-01
8	1	HLA-B58:01	3.519e+00	7.999e-02
8	1	HLA-B73:01	1.143e-16	1.143e-16
8	1	HLA-C01:02	1.425e-01	4.595e-03
8	1	HLA-C02:02	1.877e-03	8.531e-05
8	1	HLA-C03:03	9.726e-02	3.890e-03
8	1	HLA-C03:04	2.522e-02	4.759e-04
8	1	HLA-C04:01	2.881e+00	2.797e-02
8	1	HLA-C05:01	8.090e-01	5.186e-03
8	1	HLA-C06:02	6.445e-03	2.387e-04
8	1	HLA-C07:01	4.665e-03	4.665e-04
8	1	HLA-C07:02	4.061e-02	1.624e-03
8	1	HLA-C08:02	9.946e-01	6.102e-03
8	1	HLA-C12:02	8.828e-11	8.828e-11
8	1	HLA-C12:03	2.720e-03	8.500e-05
8	1	HLA-C14:02	2.852e-01	2.769e-03
8	1	HLA-C15:02	1.138e-02	3.347e-04
8	1	HLA-C16:01	6.142e-01	4.387e-03
8	1	HLA-C17:01	1.726e-01	6.905e-03
8	2	HLA-A01:01	4.411e+00	5.804e-02
8	2	HLA-A02:01	2.980e+00	3.275e-02
8	2	HLA-A02:03	6.080e-01	1.216e-01
8	2	HLA-A02:04	3.062e-02	5.103e-03
8	2	HLA-A02:05	2.163e-03	4.325e-04
8	2	HLA-A02:07	6.093e-03	5.077e-04
8	2	HLA-A03:01	1.298e+00	7.209e-02
8	2	HLA-A11:01	1.159e-02	3.865e-03
8	2	HLA-A23:01	3.839e-02	3.839e-02
8	2	HLA-A24:02	1.915e+00	5.804e-02
8	2	HLA-A24:06	1.485e-02	7.424e-03
8	2	HLA-A24:13	2.891e+00	9.638e-01
8	2	HLA-A26:01	1.730e-01	1.730e-01
8	2	HLA-A29:02	1.130e+01	2.215e-01
8	2	HLA-A31:01	1.480e+00	2.114e-01
8	2	HLA-A32:01	4.655e-02	2.328e-02
8	2	HLA-A66:02	9.777e-01	9.777e-01
8	2	HLA-A68:02	9.978e-01	1.109e-01
8	2	HLA-B07:02	1.991e+00	1.131e-02
8	2	HLA-B08:01	2.051e+01	9.585e-02
8	2	HLA-B13:01	1.540e-01	7.700e-02
8	2	HLA-B13:02	4.815e-02	2.408e-02
8	2	HLA-B14:02	7.444e-02	1.489e-02
8	2	HLA-B15:01	4.481e+00	5.335e-02
8	2	HLA-B15:02	3.724e+00	1.035e-01
8	2	HLA-B15:08	8.772e-03	8.772e-03
8	2	HLA-B15:11	1.068e-02	1.068e-02
8	2	HLA-B18:01	3.750e+00	3.473e-02
8	2	HLA-B18:03	1.663e+00	6.395e-02
8	2	HLA-B27:01	3.781e-10	3.437e-11
8	2	HLA-B27:02	2.105e-09	7.018e-10
8	2	HLA-B27:04	1.040e-08	5.198e-09
8	2	HLA-B27:05	3.261e+00	2.329e-01
8	2	HLA-B27:06	1.116e-12	1.116e-12
8	2	HLA-B27:07	1.213e-01	4.042e-02
8	2	HLA-B27:08	2.374e-10	2.374e-10
8	2	HLA-B27:09	4.302e-01	3.309e-02
8	2	HLA-B35:01	1.027e+00	5.705e-02
8	2	HLA-B35:02	5.314e-04	5.314e-04
8	2	HLA-B35:03	5.285e-03	1.762e-03
8	2	HLA-B35:06	1.435e-02	1.435e-02
8	2	HLA-B35:08	2.791e-03	9.304e-04
8	2	HLA-B37:01	8.666e-01	1.444e-01
8	2	HLA-B39:01	3.572e-02	1.880e-03
8	2	HLA-B39:06	5.014e-01	2.950e-02
8	2	HLA-B39:09	7.175e-02	3.588e-02
8	2	HLA-B39:24	5.700e-01	3.000e-02
8	2	HLA-B40:01	1.784e-01	8.496e-03
8	2	HLA-B40:02	1.348e+01	5.525e-02
8	2	HLA-B41:04	1.988e-01	4.971e-02
8	2	HLA-B41:05	1.896e-03	9.478e-04
8	2	HLA-B41:06	2.841e-03	2.841e-03
8	2	HLA-B42:01	2.735e-02	2.735e-02
8	2	HLA-B44:02	1.354e+00	5.887e-02
8	2	HLA-B44:03	6.935e-01	2.477e-02
8	2	HLA-B44:08	2.037e-01	2.037e-01
8	2	HLA-B44:09	3.241e+00	5.401e-01
8	2	HLA-B45:01	1.250e-04	6.248e-05
8	2	HLA-B46:01	2.389e+00	1.493e-01
8	2	HLA-B47:01	5.103e-01	1.276e-01
8	2	HLA-B49:01	7.153e-04	1.788e-04
8	2	HLA-B50:01	1.868e-03	3.113e-04
8	2	HLA-B51:01	1.533e+01	6.468e-02
8	2	HLA-B51:08	5.999e-01	4.000e-02
8	2	HLA-B52:01	7.135e-01	7.135e-01
8	2	HLA-B54:01	7.817e-02	6.013e-03
8	2	HLA-B56:01	2.519e-03	4.198e-04
8	2	HLA-B57:01	1.671e+01	1.547e-01
8	2	HLA-B57:03	3.976e+00	9.467e-02
8	2	HLA-B58:01	7.543e+00	1.714e-01
8	2	HLA-B73:01	7.590e-15	7.590e-15
8	2	HLA-C01:02	5.141e-01	1.658e-02
8	2	HLA-C02:02	1.543e-01	7.016e-03
8	2	HLA-C03:03	2.311e+00	9.244e-02
8	2	HLA-C03:04	1.433e+00	2.703e-02
8	2	HLA-C04:01	3.045e+00	2.956e-02
8	2	HLA-C05:01	3.839e+00	2.461e-02
8	2	HLA-C06:02	1.422e-01	5.266e-03
8	2	HLA-C07:01	1.555e-01	1.555e-02
8	2	HLA-C07:02	2.281e-01	9.123e-03
8	2	HLA-C08:02	3.016e+00	1.850e-02
8	2	HLA-C12:02	3.260e-08	3.260e-08
8	2	HLA-C12:03	1.984e-01	6.199e-03
8	2	HLA-C14:02	4.457e-01	4.327e-03
8	2	HLA-C15:02	2.053e+00	6.039e-02
8	2	HLA-C16:01	6.567e+00	4.691e-02
8	2	HLA-C17:01	2.438e+00	9.751e-02
8	3	HLA-A01:01	4.982e+00	6.555e-02
8	3	HLA-A02:01	7.628e+00	8.382e-02
8	3	HLA-A02:03	1.645e+00	3.289e-01
8	3	HLA-A02:04	8.008e-02	1.335e-02
8	3	HLA-A02:05	1.341e-02	2.682e-03
8	3	HLA-A02:07	3.412e-01	2.843e-02
8	3	HLA-A03:01	1.277e+00	7.096e-02
8	3	HLA-A11:01	2.733e-01	9.109e-02
8	3	HLA-A23:01	1.615e-01	1.615e-01
8	3	HLA-A24:02	3.503e+00	1.061e-01
8	3	HLA-A24:06	6.299e-02	3.150e-02
8	3	HLA-A24:13	2.945e-02	9.818e-03
8	3	HLA-A26:01	1.894e-01	1.894e-01
8	3	HLA-A29:02	9.341e+00	1.832e-01
8	3	HLA-A31:01	4.958e-01	7.083e-02
8	3	HLA-A32:01	8.092e-02	4.046e-02
8	3	HLA-A66:02	2.024e-03	2.024e-03
8	3	HLA-A68:02	2.230e+00	2.478e-01
8	3	HLA-B07:02	2.568e+01	1.459e-01
8	3	HLA-B08:01	2.052e+01	9.587e-02
8	3	HLA-B13:01	6.784e-01	3.392e-01
8	3	HLA-B13:02	1.911e-01	9.555e-02
8	3	HLA-B14:02	1.283e+00	2.566e-01
8	3	HLA-B15:01	8.517e+00	1.014e-01
8	3	HLA-B15:02	3.676e+00	1.021e-01
8	3	HLA-B15:08	3.820e-02	3.820e-02
8	3	HLA-B15:11	1.132e-01	1.132e-01
8	3	HLA-B18:01	1.682e+01	1.557e-01
8	3	HLA-B18:03	3.833e+00	1.474e-01
8	3	HLA-B27:01	2.272e-01	2.065e-02
8	3	HLA-B27:02	4.492e-01	1.497e-01
8	3	HLA-B27:04	8.598e-02	4.299e-02
8	3	HLA-B27:05	4.791e-01	3.422e-02
8	3	HLA-B27:06	6.185e-03	6.185e-03
8	3	HLA-B27:07	7.923e-02	2.641e-02
8	3	HLA-B27:08	1.635e-02	1.635e-02
8	3	HLA-B27:09	1.348e-01	1.037e-02
8	3	HLA-B35:01	1.830e+00	1.017e-01
8	3	HLA-B35:02	4.370e-02	4.370e-02
8	3	HLA-B35:03	5.326e-01	1.775e-01
8	3	HLA-B35:06	1.288e-01	1.288e-01
8	3	HLA-B35:08	2.263e-02	7.544e-03
8	3	HLA-B37:01	7.006e-01	1.168e-01
8	3	HLA-B39:01	3.842e+00	2.022e-01
8	3	HLA-B39:06	2.928e+00	1.722e-01
8	3	HLA-B39:09	5.263e-01	2.632e-01
8	3	HLA-B39:24	3.765e+00	1.982e-01
8	3	HLA-B40:01	3.413e+00	1.625e-01
8	3	HLA-B40:02	4.242e+01	1.739e-01
8	3	HLA-B41:04	1.744e-01	4.359e-02
8	3	HLA-B41:05	9.051e-01	4.525e-01
8	3	HLA-B41:06	1.200e-01	1.200e-01
8	3	HLA-B42:01	1.149e-01	1.149e-01
8	3	HLA-B44:02	2.638e+00	1.147e-01
8	3	HLA-B44:03	3.889e+00	1.389e-01
8	3	HLA-B44:08	1.394e-01	1.394e-01
8	3	HLA-B44:09	7.770e-01	1.295e-01
8	3	HLA-B45:01	5.779e-01	2.890e-01
8	3	HLA-B46:01	3.112e+00	1.945e-01
8	3	HLA-B47:01	6.056e-01	1.514e-01
8	3	HLA-B49:01	5.532e-01	1.383e-01
8	3	HLA-B50:01	6.559e-01	1.093e-01
8	3	HLA-B51:01	3.433e+01	1.449e-01
8	3	HLA-B51:08	3.170e+00	2.114e-01
8	3	HLA-B52:01	1.122e-01	1.122e-01
8	3	HLA-B54:01	1.529e+00	1.176e-01
8	3	HLA-B56:01	6.625e-01	1.104e-01
8	3	HLA-B57:01	1.080e+01	1.000e-01
8	3	HLA-B57:03	3.601e+00	8.574e-02
8	3	HLA-B58:01	4.899e+00	1.113e-01
8	3	HLA-B73:01	1.208e-02	1.208e-02
8	3	HLA-C01:02	1.998e+00	6.445e-02
8	3	HLA-C02:02	3.106e+00	1.412e-01
8	3	HLA-C03:03	4.757e+00	1.903e-01
8	3	HLA-C03:04	1.369e+01	2.583e-01
8	3	HLA-C04:01	6.689e+00	6.494e-02
8	3	HLA-C05:01	1.246e+01	7.987e-02
8	3	HLA-C06:02	2.873e+00	1.064e-01
8	3	HLA-C07:01	2.514e+00	2.514e-01
8	3	HLA-C07:02	3.299e+00	1.319e-01
8	3	HLA-C08:02	6.361e+00	3.903e-02
8	3	HLA-C12:02	2.362e-04	2.362e-04
8	3	HLA-C12:03	4.406e+00	1.377e-01
8	3	HLA-C14:02	2.237e+01	2.171e-01
8	3	HLA-C15:02	1.212e+01	3.564e-01
8	3	HLA-C16:01	2.763e+01	1.974e-01
8	3	HLA-C17:01	4.376e+00	1.750e-01
8	4	HLA-A01:01	7.699e+00	1.013e-01
8	4	HLA-A02:01	1.736e+01	1.907e-01
8	4	HLA-A02:03	9.479e-01	1.896e-01
8	4	HLA-A02:04	2.619e+00	4.365e-01
8	4	HLA-A02:05	5.474e-01	1.095e-01
8	4	HLA-A02:07	1.211e+00	1.009e-01
8	4	HLA-A03:01	4.304e+00	2.391e-01
8	4	HLA-A11:01	7.625e-01	2.542e-01
8	4	HLA-A23:01	1.443e-01	1.443e-01
8	4	HLA-A24:02	6.640e+00	2.012e-01
8	4	HLA-A24:06	3.576e-02	1.788e-02
8	4	HLA-A24:13	1.595e-03	5.317e-04
8	4	HLA-A26:01	3.924e-01	3.924e-01
8	4	HLA-A29:02	4.769e+00	9.351e-02
8	4	HLA-A31:01	1.729e+00	2.470e-01
8	4	HLA-A32:01	6.943e-01	3.472e-01
8	4	HLA-A66:02	1.079e-02	1.079e-02
8	4	HLA-A68:02	2.526e+00	2.807e-01
8	4	HLA-B07:02	2.540e+01	1.443e-01
8	4	HLA-B08:01	2.474e+01	1.156e-01
8	4	HLA-B13:01	8.234e-02	4.117e-02
8	4	HLA-B13:02	4.309e-01	2.154e-01
8	4	HLA-B14:02	9.854e-01	1.971e-01
8	4	HLA-B15:01	1.683e+01	2.003e-01
8	4	HLA-B15:02	6.984e+00	1.940e-01
8	4	HLA-B15:08	1.281e-01	1.281e-01
8	4	HLA-B15:11	2.388e-01	2.388e-01
8	4	HLA-B18:01	1.689e+01	1.564e-01
8	4	HLA-B18:03	3.175e+00	1.221e-01
8	4	HLA-B27:01	1.421e+00	1.292e-01
8	4	HLA-B27:02	9.658e-01	3.219e-01
8	4	HLA-B27:04	5.447e-01	2.724e-01
8	4	HLA-B27:05	2.365e+00	1.689e-01
8	4	HLA-B27:06	1.381e-01	1.381e-01
8	4	HLA-B27:07	1.750e-01	5.834e-02
8	4	HLA-B27:08	1.716e-01	1.716e-01
8	4	HLA-B27:09	2.890e+00	2.223e-01
8	4	HLA-B35:01	3.135e+00	1.742e-01
8	4	HLA-B35:02	1.670e-01	1.670e-01
8	4	HLA-B35:03	5.546e-01	1.849e-01
8	4	HLA-B35:06	1.945e-01	1.945e-01
8	4	HLA-B35:08	6.918e-02	2.306e-02
8	4	HLA-B37:01	9.719e-01	1.620e-01
8	4	HLA-B39:01	3.889e+00	2.047e-01
8	4	HLA-B39:06	2.901e+00	1.706e-01
8	4	HLA-B39:09	3.884e-01	1.942e-01
8	4	HLA-B39:24	3.921e+00	2.063e-01
8	4	HLA-B40:01	4.348e+00	2.070e-01
8	4	HLA-B40:02	4.151e+01	1.701e-01
8	4	HLA-B41:04	4.875e-01	1.219e-01
8	4	HLA-B41:05	1.709e-01	8.545e-02
8	4	HLA-B41:06	1.074e-01	1.074e-01
8	4	HLA-B42:01	1.537e-01	1.537e-01
8	4	HLA-B44:02	2.615e+00	1.137e-01
8	4	HLA-B44:03	5.189e+00	1.853e-01
8	4	HLA-B44:08	1.293e-01	1.293e-01
8	4	HLA-B44:09	5.702e-01	9.503e-02
8	4	HLA-B45:01	7.872e-01	3.936e-01
8	4	HLA-B46:01	2.260e+00	1.413e-01
8	4	HLA-B47:01	6.888e-01	1.722e-01
8	4	HLA-B49:01	1.362e+00	3.404e-01
8	4	HLA-B50:01	1.012e+00	1.687e-01
8	4	HLA-B51:01	3.750e+01	1.582e-01
8	4	HLA-B51:08	2.578e+00	1.718e-01
8	4	HLA-B52:01	1.259e-02	1.259e-02
8	4	HLA-B54:01	3.097e+00	2.382e-01
8	4	HLA-B56:01	1.243e+00	2.071e-01
8	4	HLA-B57:01	1.569e+01	1.453e-01
8	4	HLA-B57:03	3.870e+00	9.213e-02
8	4	HLA-B58:01	5.990e+00	1.361e-01
8	4	HLA-B73:01	1.393e-01	1.393e-01
8	4	HLA-C01:02	5.406e+00	1.744e-01
8	4	HLA-C02:02	1.904e+00	8.655e-02
8	4	HLA-C03:03	4.047e+00	1.619e-01
8	4	HLA-C03:04	9.762e+00	1.842e-01
8	4	HLA-C04:01	1.660e+01	1.612e-01
8	4	HLA-C05:01	2.701e+01	1.731e-01
8	4	HLA-C06:02	3.132e+00	1.160e-01
8	4	HLA-C07:01	1.263e+00	1.263e-01
8	4	HLA-C07:02	2.959e+00	1.184e-01
8	4	HLA-C08:02	3.012e+01	1.848e-01
8	4	HLA-C12:02	7.604e-04	7.604e-04
8	4	HLA-C12:03	5.603e+00	1.751e-01
8	4	HLA-C14:02	1.566e+01	1.521e-01
8	4	HLA-C15:02	4.878e+00	1.435e-01
8	4	HLA-C16:01	1.960e+01	1.400e-01
8	4	HLA-C17:01	3.686e+00	1.474e-01
8	5	HLA-A01:01	1.228e+01	1.616e-01
8	5	HLA-A02:01	1.422e+01	1.563e-01
8	5	HLA-A02:03	6.527e-01	1.305e-01
8	5	HLA-A02:04	1.148e+00	1.913e-01
8	5	HLA-A02:05	3.980e-01	7.961e-02
8	5	HLA-A02:07	1.883e+00	1.569e-01
8	5	HLA-A03:01	3.223e+00	1.791e-01
8	5	HLA-A11:01	5.262e-01	1.754e-01
8	5	HLA-A23:01	1.537e-01	1.537e-01
8	5	HLA-A24:02	5.888e+00	1.784e-01
8	5	HLA-A24:06	1.243e-01	6.217e-02
8	5	HLA-A24:13	1.513e-03	5.043e-04
8	5	HLA-A26:01	1.444e-01	1.444e-01
8	5	HLA-A29:02	5.942e+00	1.165e-01
8	5	HLA-A31:01	8.931e-01	1.276e-01
8	5	HLA-A32:01	3.867e-01	1.934e-01
8	5	HLA-A66:02	7.285e-03	7.285e-03
8	5	HLA-A68:02	9.645e-01	1.072e-01
8	5	HLA-B07:02	2.611e+01	1.483e-01
8	5	HLA-B08:01	2.092e+01	9.777e-02
8	5	HLA-B13:01	1.417e-01	7.084e-02
8	5	HLA-B13:02	3.874e-01	1.937e-01
8	5	HLA-B14:02	7.870e-01	1.574e-01
8	5	HLA-B15:01	1.274e+01	1.517e-01
8	5	HLA-B15:02	5.356e+00	1.488e-01
8	5	HLA-B15:08	1.756e-01	1.756e-01
8	5	HLA-B15:11	2.833e-01	2.833e-01
8	5	HLA-B18:01	1.668e+01	1.544e-01
8	5	HLA-B18:03	3.529e+00	1.357e-01
8	5	HLA-B27:01	1.387e+00	1.261e-01
8	5	HLA-B27:02	2.936e-01	9.786e-02
8	5	HLA-B27:04	2.964e-01	1.482e-01
8	5	HLA-B27:05	1.005e+00	7.175e-02
8	5	HLA-B27:06	1.023e-01	1.023e-01
8	5	HLA-B27:07	1.629e-01	5.428e-02
8	5	HLA-B27:08	1.530e-01	1.530e-01
8	5	HLA-B27:09	1.559e+00	1.199e-01
8	5	HLA-B35:01	3.195e+00	1.775e-01
8	5	HLA-B35:02	7.516e-02	7.516e-02
8	5	HLA-B35:03	5.312e-01	1.771e-01
8	5	HLA-B35:06	1.727e-01	1.727e-01
8	5	HLA-B35:08	4.838e-02	1.613e-02
8	5	HLA-B37:01	7.260e-01	1.210e-01
8	5	HLA-B39:01	3.267e+00	1.720e-01
8	5	HLA-B39:06	2.760e+00	1.623e-01
8	5	HLA-B39:09	3.543e-01	1.771e-01
8	5	HLA-B39:24	3.095e+00	1.629e-01
8	5	HLA-B40:01	4.731e+00	2.253e-01
8	5	HLA-B40:02	4.274e+01	1.752e-01
8	5	HLA-B41:04	7.055e-01	1.764e-01
8	5	HLA-B41:05	1.565e-01	7.826e-02
8	5	HLA-B41:06	2.063e-01	2.063e-01
8	5	HLA-B42:01	1.512e-01	1.512e-01
8	5	HLA-B44:02	2.839e+00	1.234e-01
8	5	HLA-B44:03	4.583e+00	1.637e-01
8	5	HLA-B44:08	1.536e-01	1.536e-01
8	5	HLA-B44:09	1.999e-01	3.332e-02
8	5	HLA-B45:01	2.493e-01	1.247e-01
8	5	HLA-B46:01	1.401e+00	8.758e-02
8	5	HLA-B47:01	5.980e-01	1.495e-01
8	5	HLA-B49:01	7.256e-01	1.814e-01
8	5	HLA-B50:01	9.491e-01	1.582e-01
8	5	HLA-B51:01	4.161e+01	1.756e-01
8	5	HLA-B51:08	2.649e+00	1.766e-01
8	5	HLA-B52:01	5.697e-02	5.697e-02
8	5	HLA-B54:01	2.465e+00	1.896e-01
8	5	HLA-B56:01	1.213e+00	2.021e-01
8	5	HLA-B57:01	1.344e+01	1.244e-01
8	5	HLA-B57:03	4.228e+00	1.007e-01
8	5	HLA-B58:01	6.207e+00	1.411e-01
8	5	HLA-B73:01	4.182e-01	4.182e-01
8	5	HLA-C01:02	5.368e+00	1.732e-01
8	5	HLA-C02:02	3.631e+00	1.651e-01
8	5	HLA-C03:03	4.790e+00	1.916e-01
8	5	HLA-C03:04	1.021e+01	1.926e-01
8	5	HLA-C04:01	1.639e+01	1.592e-01
8	5	HLA-C05:01	2.567e+01	1.645e-01
8	5	HLA-C06:02	6.238e+00	2.311e-01
8	5	HLA-C07:01	2.009e+00	2.009e-01
8	5	HLA-C07:02	4.877e+00	1.951e-01
8	5	HLA-C08:02	2.853e+01	1.751e-01
8	5	HLA-C12:02	3.453e-01	3.453e-01
8	5	HLA-C12:03	6.742e+00	2.107e-01
8	5	HLA-C14:02	1.696e+01	1.647e-01
8	5	HLA-C15:02	6.065e+00	1.784e-01
8	5	HLA-C16:01	2.376e+01	1.697e-01
8	5	HLA-C17:01	4.010e+00	1.604e-01
8	6	HLA-A01:01	1.603e+01	2.110e-01
8	6	HLA-A02:01	1.576e+01	1.732e-01
8	6	HLA-A02:03	4.428e-01	8.856e-02
8	6	HLA-A02:04	4.181e-01	6.968e-02
8	6	HLA-A02:05	1.483e+00	2.967e-01
8	6	HLA-A02:07	3.870e+00	3.225e-01
8	6	HLA-A03:01	3.843e+00	2.135e-01
8	6	HLA-A11:01	1.073e+00	3.575e-01
8	6	HLA-A23:01	1.461e-01	1.461e-01
8	6	HLA-A24:02	5.415e+00	1.641e-01
8	6	HLA-A24:06	1.603e-01	8.014e-02
8	6	HLA-A24:13	3.845e-03	1.282e-03
8	6	HLA-A26:01	7.963e-02	7.963e-02
8	6	HLA-A29:02	9.631e+00	1.888e-01
8	6	HLA-A31:01	1.210e+00	1.728e-01
8	6	HLA-A32:01	3.295e-01	1.647e-01
8	6	HLA-A66:02	1.734e-03	1.734e-03
8	6	HLA-A68:02	1.286e+00	1.429e-01
8	6	HLA-B07:02	2.901e+01	1.649e-01
8	6	HLA-B08:01	4.736e+01	2.213e-01
8	6	HLA-B13:01	1.522e-01	7.610e-02
8	6	HLA-B13:02	3.920e-01	1.960e-01
8	6	HLA-B14:02	9.898e-01	1.980e-01
8	6	HLA-B15:01	1.371e+01	1.632e-01
8	6	HLA-B15:02	4.684e+00	1.301e-01
8	6	HLA-B15:08	2.249e-01	2.249e-01
8	6	HLA-B15:11	1.441e-01	1.441e-01
8	6	HLA-B18:01	1.550e+01	1.435e-01
8	6	HLA-B18:03	3.487e+00	1.341e-01
8	6	HLA-B27:01	2.468e+00	2.244e-01
8	6	HLA-B27:02	5.455e-01	1.818e-01
8	6	HLA-B27:04	4.905e-01	2.453e-01
8	6	HLA-B27:05	1.764e+00	1.260e-01
8	6	HLA-B27:06	1.779e-01	1.779e-01
8	6	HLA-B27:07	1.284e-01	4.281e-02
8	6	HLA-B27:08	2.171e-01	2.171e-01
8	6	HLA-B27:09	5.040e+00	3.877e-01
8	6	HLA-B35:01	2.435e+00	1.353e-01
8	6	HLA-B35:02	3.558e-01	3.558e-01
8	6	HLA-B35:03	3.710e-01	1.237e-01
8	6	HLA-B35:06	1.685e-01	1.685e-01
8	6	HLA-B35:08	4.646e-02	1.549e-02
8	6	HLA-B37:01	8.841e-01	1.473e-01
8	6	HLA-B39:01	2.796e+00	1.472e-01
8	6	HLA-B39:06	2.474e+00	1.455e-01
8	6	HLA-B39:09	2.736e-01	1.368e-01
8	6	HLA-B39:24	2.994e+00	1.576e-01
8	6	HLA-B40:01	3.609e+00	1.719e-01
8	6	HLA-B40:02	3.983e+01	1.632e-01
8	6	HLA-B41:04	1.196e+00	2.991e-01
8	6	HLA-B41:05	3.268e-01	1.634e-01
8	6	HLA-B41:06	1.446e-01	1.446e-01
8	6	HLA-B42:01	1.818e-01	1.818e-01
8	6	HLA-B44:02	3.658e+00	1.591e-01
8	6	HLA-B44:03	5.404e+00	1.930e-01
8	6	HLA-B44:08	1.296e-01	1.296e-01
8	6	HLA-B44:09	2.733e-01	4.555e-02
8	6	HLA-B45:01	2.650e-01	1.325e-01
8	6	HLA-B46:01	1.358e+00	8.488e-02
8	6	HLA-B47:01	5.981e-01	1.495e-01
8	6	HLA-B49:01	8.227e-01	2.057e-01
8	6	HLA-B50:01	1.101e+00	1.834e-01
8	6	HLA-B51:01	3.601e+01	1.519e-01
8	6	HLA-B51:08	2.423e+00	1.615e-01
8	6	HLA-B52:01	4.142e-02	4.142e-02
8	6	HLA-B54:01	2.677e+00	2.060e-01
8	6	HLA-B56:01	1.213e+00	2.021e-01
8	6	HLA-B57:01	1.520e+01	1.408e-01
8	6	HLA-B57:03	5.706e+00	1.358e-01
8	6	HLA-B58:01	6.636e+00	1.508e-01
8	6	HLA-B73:01	3.621e-01	3.621e-01
8	6	HLA-C01:02	7.664e+00	2.472e-01
8	6	HLA-C02:02	6.481e+00	2.946e-01
8	6	HLA-C03:03	3.923e+00	1.569e-01
8	6	HLA-C03:04	7.344e+00	1.386e-01
8	6	HLA-C04:01	1.878e+01	1.824e-01
8	6	HLA-C05:01	3.161e+01	2.026e-01
8	6	HLA-C06:02	9.462e+00	3.504e-01
8	6	HLA-C07:01	1.948e+00	1.948e-01
8	6	HLA-C07:02	4.766e+00	1.906e-01
8	6	HLA-C08:02	3.153e+01	1.934e-01
8	6	HLA-C12:02	3.423e-01	3.423e-01
8	6	HLA-C12:03	7.388e+00	2.309e-01
8	6	HLA-C14:02	1.738e+01	1.688e-01
8	6	HLA-C15:02	5.721e+00	1.683e-01
8	6	HLA-C16:01	2.702e+01	1.930e-01
8	6	HLA-C17:01	4.202e+00	1.681e-01
8	7	HLA-A01:01	1.421e+01	1.869e-01
8	7	HLA-A02:01	7.070e+00	7.769e-02
8	7	HLA-A02:03	3.562e-01	7.124e-02
8	7	HLA-A02:04	1.269e+00	2.116e-01
8	7	HLA-A02:05	6.799e-01	1.360e-01
8	7	HLA-A02:07	2.107e+00	1.756e-01
8	7	HLA-A03:01	2.780e+00	1.545e-01
8	7	HLA-A11:01	2.896e-01	9.653e-02
8	7	HLA-A23:01	1.793e-01	1.793e-01
8	7	HLA-A24:02	5.072e+00	1.537e-01
8	7	HLA-A24:06	8.058e-02	4.029e-02
8	7	HLA-A24:13	1.294e-03	4.313e-04
8	7	HLA-A26:01	2.116e-02	2.116e-02
8	7	HLA-A29:02	4.080e+00	8.000e-02
8	7	HLA-A31:01	6.522e-01	9.317e-02
8	7	HLA-A32:01	4.095e-01	2.047e-01
8	7	HLA-A66:02	6.083e-05	6.083e-05
8	7	HLA-A68:02	4.416e-01	4.906e-02
8	7	HLA-B07:02	2.851e+01	1.620e-01
8	7	HLA-B08:01	3.416e+01	1.596e-01
8	7	HLA-B13:01	2.501e-01	1.250e-01
8	7	HLA-B13:02	2.947e-01	1.473e-01
8	7	HLA-B14:02	5.625e-01	1.125e-01
8	7	HLA-B15:01	1.409e+01	1.677e-01
8	7	HLA-B15:02	5.676e+00	1.577e-01
8	7	HLA-B15:08	2.169e-01	2.169e-01
8	7	HLA-B15:11	1.043e-01	1.043e-01
8	7	HLA-B18:01	1.390e+01	1.287e-01
8	7	HLA-B18:03	3.008e+00	1.157e-01
8	7	HLA-B27:01	1.235e+00	1.122e-01
8	7	HLA-B27:02	5.004e-01	1.668e-01
8	7	HLA-B27:04	4.123e-01	2.061e-01
8	7	HLA-B27:05	1.184e+00	8.458e-02
8	7	HLA-B27:06	3.513e-01	3.513e-01
8	7	HLA-B27:07	8.205e-02	2.735e-02
8	7	HLA-B27:08	1.597e-01	1.597e-01
8	7	HLA-B27:09	2.133e+00	1.641e-01
8	7	HLA-B35:01	1.640e+00	9.109e-02
8	7	HLA-B35:02	2.140e-01	2.140e-01
8	7	HLA-B35:03	4.117e-01	1.372e-01
8	7	HLA-B35:06	1.342e-01	1.342e-01
8	7	HLA-B35:08	5.397e-02	1.799e-02
8	7	HLA-B37:01	9.593e-01	1.599e-01
8	7	HLA-B39:01	2.177e+00	1.146e-01
8	7	HLA-B39:06	2.122e+00	1.248e-01
8	7	HLA-B39:09	2.192e-01	1.096e-01
8	7	HLA-B39:24	2.455e+00	1.292e-01
8	7	HLA-B40:01	2.111e+00	1.005e-01
8	7	HLA-B40:02	2.756e+01	1.129e-01
8	7	HLA-B41:04	6.512e-01	1.628e-01
8	7	HLA-B41:05	1.141e-01	5.706e-02
8	7	HLA-B41:06	1.267e-01	1.267e-01
8	7	HLA-B42:01	1.732e-01	1.732e-01
8	7	HLA-B44:02	4.048e+00	1.760e-01
8	7	HLA-B44:03	3.897e+00	1.392e-01
8	7	HLA-B44:08	8.839e-02	8.839e-02
8	7	HLA-B44:09	2.549e-01	4.249e-02
8	7	HLA-B45:01	8.561e-02	4.280e-02
8	7	HLA-B46:01	2.181e+00	1.363e-01
8	7	HLA-B47:01	4.499e-01	1.125e-01
8	7	HLA-B49:01	2.900e-01	7.249e-02
8	7	HLA-B50:01	9.510e-01	1.585e-01
8	7	HLA-B51:01	2.516e+01	1.062e-01
8	7	HLA-B51:08	1.379e+00	9.194e-02
8	7	HLA-B52:01	4.346e-03	4.346e-03
8	7	HLA-B54:01	1.618e+00	1.245e-01
8	7	HLA-B56:01	8.443e-01	1.407e-01
8	7	HLA-B57:01	1.323e+01	1.225e-01
8	7	HLA-B57:03	5.992e+00	1.427e-01
8	7	HLA-B58:01	4.626e+00	1.051e-01
8	7	HLA-B73:01	6.268e-02	6.268e-02
8	7	HLA-C01:02	4.455e+00	1.437e-01
8	7	HLA-C02:02	4.090e+00	1.859e-01
8	7	HLA-C03:03	2.935e+00	1.174e-01
8	7	HLA-C03:04	5.592e+00	1.055e-01
8	7	HLA-C04:01	1.604e+01	1.558e-01
8	7	HLA-C05:01	2.373e+01	1.521e-01
8	7	HLA-C06:02	3.776e+00	1.398e-01
8	7	HLA-C07:01	1.153e+00	1.153e-01
8	7	HLA-C07:02	3.780e+00	1.512e-01
8	7	HLA-C08:02	2.500e+01	1.533e-01
8	7	HLA-C12:02	2.234e-01	2.234e-01
8	7	HLA-C12:03	3.148e+00	9.838e-02
8	7	HLA-C14:02	1.319e+01	1.281e-01
8	7	HLA-C15:02	1.795e+00	5.280e-02
8	7	HLA-C16:01	1.885e+01	1.346e-01
8	7	HLA-C17:01	3.231e+00	1.292e-01
8	8	HLA-A01:01	8.969e+00	1.180e-01
8	8	HLA-A02:01	1.162e+01	1.276e-01
8	8	HLA-A02:03	1.102e-01	2.204e-02
8	8	HLA-A02:04	4.098e-01	6.829e-02
8	8	HLA-A02:05	7.694e-01	1.539e-01
8	8	HLA-A02:07	1.544e+00	1.287e-01
8	8	HLA-A03:01	1.099e+00	6.107e-02
8	8	HLA-A11:01	5.788e-02	1.929e-02
8	8	HLA-A23:01	1.472e-01	1.472e-01
8	8	HLA-A24:02	2.686e+00	8.140e-02
8	8	HLA-A24:06	7.051e-02	3.526e-02
8	8	HLA-A24:13	7.835e-05	2.612e-05
8	8	HLA-A26:01	6.108e-05	6.108e-05
8	8	HLA-A29:02	3.743e+00	7.339e-02
8	8	HLA-A31:01	5.234e-01	7.478e-02
8	8	HLA-A32:01	5.255e-02	2.627e-02
8	8	HLA-A66:02	8.593e-06	8.593e-06
8	8	HLA-A68:02	1.937e-01	2.152e-02
8	8	HLA-B07:02	2.827e+01	1.606e-01
8	8	HLA-B08:01	3.745e+01	1.750e-01
8	8	HLA-B13:01	5.250e-01	2.625e-01
8	8	HLA-B13:02	2.417e-01	1.208e-01
8	8	HLA-B14:02	2.957e-01	5.913e-02
8	8	HLA-B15:01	1.165e+01	1.387e-01
8	8	HLA-B15:02	4.885e+00	1.357e-01
8	8	HLA-B15:08	1.991e-01	1.991e-01
8	8	HLA-B15:11	1.044e-01	1.044e-01
8	8	HLA-B18:01	1.267e+01	1.173e-01
8	8	HLA-B18:03	3.224e+00	1.240e-01
8	8	HLA-B27:01	1.110e+00	1.009e-01
8	8	HLA-B27:02	2.292e-01	7.642e-02
8	8	HLA-B27:04	1.132e-01	5.662e-02
8	8	HLA-B27:05	5.266e-01	3.761e-02
8	8	HLA-B27:06	1.956e-01	1.956e-01
8	8	HLA-B27:07	1.770e-02	5.900e-03
8	8	HLA-B27:08	1.306e-01	1.306e-01
8	8	HLA-B27:09	5.224e-01	4.018e-02
8	8	HLA-B35:01	9.879e-01	5.488e-02
8	8	HLA-B35:02	1.168e-01	1.168e-01
8	8	HLA-B35:03	4.314e-01	1.438e-01
8	8	HLA-B35:06	1.329e-01	1.329e-01
8	8	HLA-B35:08	3.757e-02	1.252e-02
8	8	HLA-B37:01	6.359e-01	1.060e-01
8	8	HLA-B39:01	2.398e+00	1.262e-01
8	8	HLA-B39:06	1.907e+00	1.122e-01
8	8	HLA-B39:09	1.487e-01	7.434e-02
8	8	HLA-B39:24	2.081e+00	1.095e-01
8	8	HLA-B40:01	2.340e+00	1.114e-01
8	8	HLA-B40:02	2.609e+01	1.069e-01
8	8	HLA-B41:04	3.103e-01	7.759e-02
8	8	HLA-B41:05	1.525e-01	7.627e-02
8	8	HLA-B41:06	1.754e-01	1.754e-01
8	8	HLA-B42:01	1.705e-01	1.705e-01
8	8	HLA-B44:02	3.361e+00	1.461e-01
8	8	HLA-B44:03	3.031e+00	1.083e-01
8	8	HLA-B44:08	1.096e-01	1.096e-01
8	8	HLA-B44:09	3.920e-01	6.534e-02
8	8	HLA-B45:01	3.125e-02	1.563e-02
8	8	HLA-B46:01	1.638e+00	1.024e-01
8	8	HLA-B47:01	3.243e-01	8.107e-02
8	8	HLA-B49:01	2.050e-01	5.126e-02
8	8	HLA-B50:01	1.290e+00	2.150e-01
8	8	HLA-B51:01	3.104e+01	1.310e-01
8	8	HLA-B51:08	2.031e+00	1.354e-01
8	8	HLA-B52:01	3.398e-03	3.398e-03
8	8	HLA-B54:01	1.221e+00	9.388e-02
8	8	HLA-B56:01	7.989e-01	1.332e-01
8	8	HLA-B57:01	1.071e+01	9.918e-02
8	8	HLA-B57:03	3.722e+00	8.862e-02
8	8	HLA-B58:01	2.697e+00	6.129e-02
8	8	HLA-B73:01	5.316e-03	5.316e-03
8	8	HLA-C01:02	5.196e+00	1.676e-01
8	8	HLA-C02:02	2.578e+00	1.172e-01
8	8	HLA-C03:03	2.038e+00	8.152e-02
8	8	HLA-C03:04	4.776e+00	9.012e-02
8	8	HLA-C04:01	1.522e+01	1.478e-01
8	8	HLA-C05:01	2.203e+01	1.412e-01
8	8	HLA-C06:02	1.216e+00	4.502e-02
8	8	HLA-C07:01	8.610e-01	8.610e-02
8	8	HLA-C07:02	4.519e+00	1.808e-01
8	8	HLA-C08:02	2.680e+01	1.644e-01
8	8	HLA-C12:02	8.760e-02	8.760e-02
8	8	HLA-C12:03	1.836e+00	5.737e-02
8	8	HLA-C14:02	1.360e+01	1.320e-01
8	8	HLA-C15:02	1.279e+00	3.763e-02
8	8	HLA-C16:01	1.388e+01	9.913e-02
8	8	HLA-C17:01	2.802e+00	1.121e-01
8	9	HLA-A01:01	3.745e+00	4.928e-02
8	9	HLA-A02:01	1.370e+01	1.506e-01
8	9	HLA-A02:03	2.374e-01	4.749e-02
8	9	HLA-A02:04	2.467e-02	4.111e-03
8	9	HLA-A02:05	1.106e+00	2.213e-01
8	9	HLA-A02:07	1.034e+00	8.621e-02
8	9	HLA-A03:01	1.206e-04	6.700e-06
8	9	HLA-A11:01	2.525e-12	8.417e-13
8	9	HLA-A23:01	2.933e-02	2.933e-02
8	9	HLA-A24:02	1.289e-01	3.905e-03
8	9	HLA-A24:06	1.451e+00	7.253e-01
8	9	HLA-A24:13	2.166e-11	7.220e-12
8	9	HLA-A26:01	2.593e-09	2.593e-09
8	9	HLA-A29:02	7.346e-01	1.440e-02
8	9	HLA-A31:01	2.485e-07	3.550e-08
8	9	HLA-A32:01	9.437e-09	4.718e-09
8	9	HLA-A66:02	1.702e-14	1.702e-14
8	9	HLA-A68:02	1.452e-03	1.613e-04
8	9	HLA-B07:02	8.368e+00	4.755e-02
8	9	HLA-B08:01	3.175e+00	1.484e-02
8	9	HLA-B13:01	1.508e-02	7.538e-03
8	9	HLA-B13:02	1.297e-02	6.485e-03
8	9	HLA-B14:02	2.229e-02	4.457e-03
8	9	HLA-B15:01	9.382e-01	1.117e-02
8	9	HLA-B15:02	1.031e-03	2.863e-05
8	9	HLA-B15:08	8.904e-04	8.904e-04
8	9	HLA-B15:11	3.081e-06	3.081e-06
8	9	HLA-B18:01	1.085e+01	1.005e-01
8	9	HLA-B18:03	3.879e+00	1.492e-01
8	9	HLA-B27:01	3.152e+00	2.865e-01
8	9	HLA-B27:02	1.625e-02	5.418e-03
8	9	HLA-B27:04	5.683e-02	2.842e-02
8	9	HLA-B27:05	3.382e+00	2.415e-01
8	9	HLA-B27:06	2.853e-02	2.853e-02
8	9	HLA-B27:07	2.233e+00	7.445e-01
8	9	HLA-B27:08	1.516e-01	1.516e-01
8	9	HLA-B27:09	3.879e-02	2.984e-03
8	9	HLA-B35:01	1.576e+00	8.753e-02
8	9	HLA-B35:02	2.699e-02	2.699e-02
8	9	HLA-B35:03	1.616e-01	5.387e-02
8	9	HLA-B35:06	5.209e-02	5.209e-02
8	9	HLA-B35:08	2.712e+00	9.040e-01
8	9	HLA-B37:01	2.185e-01	3.642e-02
8	9	HLA-B39:01	5.910e-01	3.111e-02
8	9	HLA-B39:06	1.385e+00	8.146e-02
8	9	HLA-B39:09	1.243e-02	6.213e-03
8	9	HLA-B39:24	8.943e-02	4.707e-03
8	9	HLA-B40:01	2.685e-01	1.278e-02
8	9	HLA-B40:02	8.808e+00	3.610e-02
8	9	HLA-B41:04	1.722e-02	4.305e-03
8	9	HLA-B41:05	1.721e-01	8.606e-02
8	9	HLA-B41:06	1.168e-01	1.168e-01
8	9	HLA-B42:01	2.546e-02	2.546e-02
8	9	HLA-B44:02	1.984e+00	8.628e-02
8	9	HLA-B44:03	6.561e-01	2.343e-02
8	9	HLA-B44:08	6.750e-08	6.750e-08
8	9	HLA-B44:09	2.566e-01	4.277e-02
8	9	HLA-B45:01	2.555e-03	1.278e-03
8	9	HLA-B46:01	7.950e-01	4.969e-02
8	9	HLA-B47:01	1.995e-01	4.988e-02
8	9	HLA-B49:01	4.120e-02	1.030e-02
8	9	HLA-B50:01	3.899e-02	6.498e-03
8	9	HLA-B51:01	1.239e+01	5.228e-02
8	9	HLA-B51:08	1.163e-01	7.756e-03
8	9	HLA-B52:01	1.825e-02	1.825e-02
8	9	HLA-B54:01	3.112e-01	2.393e-02
8	9	HLA-B56:01	2.328e-02	3.880e-03
8	9	HLA-B57:01	5.270e-01	4.879e-03
8	9	HLA-B57:03	4.020e+00	9.571e-02
8	9	HLA-B58:01	1.882e+00	4.278e-02
8	9	HLA-B73:01	2.771e-04	2.771e-04
8	9	HLA-C01:02	2.557e-01	8.249e-03
8	9	HLA-C02:02	5.285e-02	2.402e-03
8	9	HLA-C03:03	1.016e-01	4.063e-03
8	9	HLA-C03:04	1.719e-01	3.242e-03
8	9	HLA-C04:01	7.340e+00	7.127e-02
8	9	HLA-C05:01	8.852e+00	5.674e-02
8	9	HLA-C06:02	1.550e-01	5.742e-03
8	9	HLA-C07:01	9.082e-02	9.082e-03
8	9	HLA-C07:02	5.316e-01	2.126e-02
8	9	HLA-C08:02	1.066e+01	6.537e-02
8	9	HLA-C12:02	4.317e-04	4.317e-04
8	9	HLA-C12:03	2.676e+00	8.362e-02
8	9	HLA-C14:02	3.106e+00	3.016e-02
8	9	HLA-C15:02	7.858e-02	2.311e-03
8	9	HLA-C16:01	2.084e+00	1.489e-02
8	9	HLA-C17:01	8.290e-02	3.316e-03
9	1	HLA-A01:01	4.400e+02	1.000e+00
9	1	HLA-A02:01	1.474e+03	1.000e+00
9	1	HLA-A02:03	2.560e+02	1.000e+00
9	1	HLA-A02:04	4.650e+02	1.000e+00
9	1	HLA-A02:05	4.100e+01	1.000e+00
9	1	HLA-A02:07	5.750e+02	1.000e+00
9	1	HLA-A02:14	1.000e+00	1.000e+00
9	1	HLA-A03:01	4.370e+02	1.000e+00
9	1	HLA-A03:02	1.000e+00	1.000e+00
9	1	HLA-A11:01	2.990e+02	1.000e+00
9	1	HLA-A23:01	2.100e+01	1.000e+00
9	1	HLA-A24:02	6.970e+02	1.000e+00
9	1	HLA-A24:06	2.600e+01	1.000e+00
9	1	HLA-A24:13	2.900e+01	1.000e+00
9	1	HLA-A26:01	1.900e+01	1.000e+00
9	1	HLA-A29:02	1.001e+03	1.000e+00
9	1	HLA-A30:02	4.000e+00	1.000e+00
9	1	HLA-A30:03	2.000e+00	1.000e+00
9	1	HLA-A31:01	1.580e+02	1.000e+00
9	1	HLA-A32:01	8.100e+01	1.000e+00
9	1	HLA-A66:01	6.000e+00	1.000e+00
9	1	HLA-A66:02	1.000e+00	1.000e+00
9	1	HLA-A68:01	2.000e+00	1.000e+00
9	1	HLA-A68:02	1.730e+02	1.000e+00
9	1	HLA-B07:02	1.077e+03	1.000e+00
9	1	HLA-B08:01	5.460e+02	1.000e+00
9	1	HLA-B13:01	4.000e+00	1.000e+00
9	1	HLA-B13:02	4.000e+00	1.000e+00
9	1	HLA-B14:02	4.300e+01	1.000e+00
9	1	HLA-B14:03	1.000e+00	1.000e+00
9	1	HLA-B15:01	7.350e+02	1.000e+00
9	1	HLA-B15:02	3.030e+02	1.000e+00
9	1	HLA-B15:08	1.000e+00	1.000e+00
9	1	HLA-B15:09	2.000e+00	1.000e+00
9	1	HLA-B15:10	2.000e+00	1.000e+00
9	1	HLA-B15:11	2.700e+01	1.000e+00
9	1	HLA-B15:13	1.000e+00	1.000e+00
9	1	HLA-B15:17	5.000e+00	1.000e+00
9	1	HLA-B15:42	1.000e+00	1.000e+00
9	1	HLA-B18:01	1.240e+02	1.000e+00
9	1	HLA-B18:03	1.800e+01	1.000e+00
9	1	HLA-B27:01	3.690e+02	1.000e+00
9	1	HLA-B27:02	2.630e+02	1.000e+00
9	1	HLA-B27:03	1.030e+02	1.000e+00
9	1	HLA-B27:04	1.590e+02	1.000e+00
9	1	HLA-B27:05	5.190e+02	1.000e+00
9	1	HLA-B27:06	1.340e+02	1.000e+00
9	1	HLA-B27:07	2.150e+02	1.000e+00
9	1	HLA-B27:08	1.940e+02	1.000e+00
9	1	HLA-B27:09	5.180e+02	1.000e+00
9	1	HLA-B27:10	1.000e+00	1.000e+00
9	1	HLA-B35:01	2.320e+02	1.000e+00
9	1	HLA-B35:02	3.000e+00	1.000e+00
9	1	HLA-B35:03	2.500e+01	1.000e+00
9	1	HLA-B35:04	1.000e+00	1.000e+00
9	1	HLA-B35:06	1.000e+00	1.000e+00
9	1	HLA-B35:08	1.700e+01	1.000e+00
9	1	HLA-B38:01	1.000e+00	1.000e+00
9	1	HLA-B39:01	1.110e+02	1.000e+00
9	1	HLA-B39:06	5.000e+01	1.000e+00
9	1	HLA-B39:09	1.000e+00	1.000e+00
9	1	HLA-B39:10	2.000e+00	1.000e+00
9	1	HLA-B39:24	2.400e+01	1.000e+00
9	1	HLA-B40:01	2.830e+02	1.000e+00
9	1	HLA-B40:02	8.400e+02	1.000e+00
9	1	HLA-B41:01	6.900e+01	1.000e+00
9	1	HLA-B41:02	1.000e+00	1.000e+00
9	1	HLA-B41:03	5.000e+00	1.000e+00
9	1	HLA-B41:04	3.000e+00	1.000e+00
9	1	HLA-B41:06	1.000e+00	1.000e+00
9	1	HLA-B42:01	1.000e+00	1.000e+00
9	1	HLA-B44:02	4.150e+02	1.000e+00
9	1	HLA-B44:03	4.010e+02	1.000e+00
9	1	HLA-B44:05	1.000e+00	1.000e+00
9	1	HLA-B44:08	5.000e+00	1.000e+00
9	1	HLA-B44:09	1.100e+01	1.000e+00
9	1	HLA-B44:27	1.300e+01	1.000e+00
9	1	HLA-B44:28	5.000e+00	1.000e+00
9	1	HLA-B45:01	9.800e+01	1.000e+00
9	1	HLA-B46:01	2.500e+02	1.000e+00
9	1	HLA-B47:01	3.000e+00	1.000e+00
9	1	HLA-B49:01	4.800e+01	1.000e+00
9	1	HLA-B50:01	9.500e+01	1.000e+00
9	1	HLA-B51:01	4.160e+02	1.000e+00
9	1	HLA-B51:08	8.100e+01	1.000e+00
9	1	HLA-B54:01	1.170e+02	1.000e+00
9	1	HLA-B55:02	3.000e+00	1.000e+00
9	1	HLA-B56:01	5.900e+01	1.000e+00
9	1	HLA-B57:01	9.920e+02	1.000e+00
9	1	HLA-B57:02	2.000e+00	1.000e+00
9	1	HLA-B57:03	4.380e+02	1.000e+00
9	1	HLA-B58:01	3.900e+02	1.000e+00
9	1	HLA-B58:02	3.000e+00	1.000e+00
9	1	HLA-B73:01	2.100e+01	1.000e+00
9	1	HLA-C01:02	2.180e+02	1.000e+00
9	1	HLA-C02:02	3.030e+02	1.000e+00
9	1	HLA-C03:03	1.760e+02	1.000e+00
9	1	HLA-C03:04	3.520e+02	1.000e+00
9	1	HLA-C04:01	2.360e+02	1.000e+00
9	1	HLA-C05:01	5.140e+02	1.000e+00
9	1	HLA-C06:02	3.140e+02	1.000e+00
9	1	HLA-C07:01	6.900e+01	1.000e+00
9	1	HLA-C07:02	1.480e+02	1.000e+00
9	1	HLA-C08:02	4.720e+02	1.000e+00
9	1	HLA-C12:02	1.000e+00	1.000e+00
9	1	HLA-C12:03	2.260e+02	1.000e+00
9	1	HLA-C12:04	1.000e+00	1.000e+00
9	1	HLA-C14:02	2.930e+02	1.000e+00
9	1	HLA-C15:02	3.260e+02	1.000e+00
9	1	HLA-C16:01	3.790e+02	1.000e+00
9	1	HLA-C17:01	8.300e+01	1.000e+00
10	1	HLA-A01:01	1.706e+01	4.727e-02
10	1	HLA-A01:03	1.412e-01	7.060e-02
10	1	HLA-A02:01	4.677e+00	9.909e-03
10	1	HLA-A02:03	3.144e-02	3.208e-04
10	1	HLA-A02:04	1.899e+00	2.753e-02
10	1	HLA-A02:05	1.428e-02	1.298e-03
10	1	HLA-A02:07	3.256e-02	3.427e-04
10	1	HLA-A03:01	1.662e+00	7.011e-03
10	1	HLA-A11:01	8.692e-01	6.344e-03
10	1	HLA-A23:01	2.470e-02	6.175e-03
10	1	HLA-A24:02	2.942e+00	1.263e-02
10	1	HLA-A24:06	7.950e-02	4.969e-03
10	1	HLA-A24:13	1.567e-02	2.238e-03
10	1	HLA-A26:01	2.748e-02	3.926e-03
10	1	HLA-A26:03	1.078e-04	1.078e-04
10	1	HLA-A29:02	1.412e+01	5.672e-02
10	1	HLA-A30:02	1.031e-01	5.155e-02
10	1	HLA-A31:01	2.837e+00	4.892e-02
10	1	HLA-A32:01	4.380e-02	3.650e-03
10	1	HLA-A66:01	8.657e-02	2.886e-02
10	1	HLA-A66:02	1.263e-01	6.316e-02
10	1	HLA-A68:02	1.720e+00	2.123e-02
10	1	HLA-B07:02	3.058e+00	6.080e-03
10	1	HLA-B08:01	1.711e+00	2.717e-02
10	1	HLA-B13:01	3.222e-05	3.222e-05
10	1	HLA-B14:02	5.075e-09	5.075e-09
10	1	HLA-B15:01	1.881e+00	6.399e-03
10	1	HLA-B15:02	5.575e+00	4.256e-02
10	1	HLA-B15:08	7.631e-02	3.816e-02
10	1	HLA-B15:11	5.642e-03	1.881e-03
10	1	HLA-B18:01	3.702e-02	1.851e-03
10	1	HLA-B27:01	1.102e-02	5.273e-05
10	1	HLA-B27:02	9.093e-01	5.381e-03
10	1	HLA-B27:03	5.645e-02	1.254e-03
10	1	HLA-B27:04	6.680e-02	1.172e-03
10	1	HLA-B27:05	6.278e-01	2.511e-03
10	1	HLA-B27:06	9.493e-02	1.758e-03
10	1	HLA-B27:07	1.227e-01	1.076e-03
10	1	HLA-B27:08	2.515e-01	2.307e-03
10	1	HLA-B27:09	2.470e+00	1.182e-02
10	1	HLA-B35:01	1.804e+00	2.615e-02
10	1	HLA-B35:03	2.811e-04	4.685e-05
10	1	HLA-B35:08	7.130e-03	1.188e-03
10	1	HLA-B39:01	8.045e-03	3.657e-04
10	1	HLA-B39:06	4.388e-03	3.376e-04
10	1	HLA-B39:24	4.162e-04	4.162e-04
10	1	HLA-B40:01	3.091e-02	2.290e-04
10	1	HLA-B40:02	2.401e-03	7.820e-06
10	1	HLA-B41:01	3.505e-03	2.337e-04
10	1	HLA-B41:02	2.708e-03	1.354e-03
10	1	HLA-B41:03	7.734e-03	1.547e-03
10	1	HLA-B41:04	1.855e-02	1.855e-02
10	1	HLA-B41:05	3.448e-04	3.448e-04
10	1	HLA-B44:02	6.762e+00	2.450e-02
10	1	HLA-B44:03	1.481e+00	5.365e-03
10	1	HLA-B44:05	7.014e-02	7.014e-02
10	1	HLA-B44:08	1.738e-04	1.738e-04
10	1	HLA-B44:09	1.454e-02	3.634e-03
10	1	HLA-B44:27	2.326e-01	2.585e-02
10	1	HLA-B44:28	1.292e-01	1.846e-02
10	1	HLA-B45:01	3.837e-01	2.558e-02
10	1	HLA-B46:01	9.302e-01	1.348e-02
10	1	HLA-B49:01	3.441e-03	6.882e-04
10	1	HLA-B50:01	4.824e-07	2.097e-08
10	1	HLA-B51:01	3.038e+00	5.731e-02
10	1	HLA-B51:08	2.031e-07	5.077e-08
10	1	HLA-B54:01	5.414e-02	1.933e-03
10	1	HLA-B56:01	3.720e-03	1.328e-04
10	1	HLA-B57:01	2.449e+01	3.084e-02
10	1	HLA-B57:03	7.922e+00	2.760e-02
10	1	HLA-B58:01	5.358e+00	2.564e-02
10	1	HLA-B73:01	5.402e-07	7.716e-08
10	1	HLA-C01:02	3.750e-01	6.696e-03
10	1	HLA-C02:02	1.507e-01	4.185e-03
10	1	HLA-C03:03	5.709e-02	4.078e-03
10	1	HLA-C03:04	1.107e-01	3.356e-03
10	1	HLA-C04:01	1.173e-03	3.783e-05
10	1	HLA-C05:01	1.001e-01	7.947e-04
10	1	HLA-C06:02	2.127e-01	9.669e-03
10	1	HLA-C07:01	9.038e-06	1.808e-06
10	1	HLA-C07:02	1.372e-01	6.237e-03
10	1	HLA-C08:02	1.417e-03	2.530e-05
10	1	HLA-C12:03	2.876e-04	2.615e-05
10	1	HLA-C14:02	2.538e-01	3.625e-03
10	1	HLA-C15:02	1.427e-01	1.297e-02
10	1	HLA-C16:01	4.706e-02	1.810e-03
10	1	HLA-C17:01	5.965e-01	6.628e-02
10	2	HLA-A01:01	1.766e+01	4.893e-02
10	2	HLA-A01:03	1.138e-01	5.688e-02
10	2	HLA-A02:01	4.871e+00	1.032e-02
10	2	HLA-A02:03	6.582e-02	6.716e-04
10	2	HLA-A02:04	1.240e+00	1.797e-02
10	2	HLA-A02:05	1.454e-02	1.322e-03
10	2	HLA-A02:07	3.385e-02	3.563e-04
10	2	HLA-A03:01	3.784e+00	1.597e-02
10	2	HLA-A11:01	1.546e+00	1.128e-02
10	2	HLA-A23:01	2.060e-03	5.150e-04
10	2	HLA-A24:02	2.044e+00	8.771e-03
10	2	HLA-A24:06	2.685e-02	1.678e-03
10	2	HLA-A24:13	4.485e-04	6.407e-05
10	2	HLA-A26:01	1.012e-01	1.445e-02
10	2	HLA-A26:03	2.721e-06	2.721e-06
10	2	HLA-A29:02	1.481e+01	5.948e-02
10	2	HLA-A30:02	1.688e-01	8.438e-02
10	2	HLA-A31:01	2.487e+00	4.289e-02
10	2	HLA-A32:01	5.795e-01	4.830e-02
10	2	HLA-A66:01	5.736e-02	1.912e-02
10	2	HLA-A66:02	1.475e-01	7.375e-02
10	2	HLA-A68:02	9.874e-01	1.219e-02
10	2	HLA-B07:02	1.896e+00	3.770e-03
10	2	HLA-B08:01	2.086e+00	3.311e-02
10	2	HLA-B13:01	4.874e-05	4.874e-05
10	2	HLA-B14:02	2.524e-07	2.524e-07
10	2	HLA-B15:01	2.824e+00	9.604e-03
10	2	HLA-B15:02	9.173e+00	7.002e-02
10	2	HLA-B15:08	1.697e-01	8.486e-02
10	2	HLA-B15:11	6.345e-02	2.115e-02
10	2	HLA-B18:01	5.452e-03	2.726e-04
10	2	HLA-B27:01	6.628e-04	3.171e-06
10	2	HLA-B27:02	3.155e-02	1.867e-04
10	2	HLA-B27:03	1.081e-03	2.403e-05
10	2	HLA-B27:04	1.070e-03	1.878e-05
10	2	HLA-B27:05	4.604e-02	1.841e-04
10	2	HLA-B27:06	1.700e-03	3.148e-05
10	2	HLA-B27:07	1.908e-03	1.673e-05
10	2	HLA-B27:08	5.406e-03	4.959e-05
10	2	HLA-B27:09	1.258e+00	6.017e-03
10	2	HLA-B35:01	2.231e-01	3.234e-03
10	2	HLA-B35:03	7.395e-05	1.233e-05
10	2	HLA-B35:08	2.365e-03	3.941e-04
10	2	HLA-B39:01	4.138e-03	1.881e-04
10	2	HLA-B39:06	4.389e-03	3.376e-04
10	2	HLA-B39:24	3.152e-06	3.152e-06
10	2	HLA-B40:01	5.726e-03	4.241e-05
10	2	HLA-B40:02	6.305e-04	2.054e-06
10	2	HLA-B41:01	1.092e-03	7.281e-05
10	2	HLA-B41:02	1.372e-04	6.859e-05
10	2	HLA-B41:03	1.318e-03	2.636e-04
10	2	HLA-B41:04	5.737e-04	5.737e-04
10	2	HLA-B41:05	6.049e-04	6.049e-04
10	2	HLA-B44:02	4.559e-01	1.652e-03
10	2	HLA-B44:03	6.958e-02	2.521e-04
10	2	HLA-B44:05	7.014e-02	7.014e-02
10	2	HLA-B44:08	1.249e-02	1.249e-02
10	2	HLA-B44:09	5.401e-03	1.350e-03
10	2	HLA-B44:27	1.356e-02	1.506e-03
10	2	HLA-B44:28	1.509e-02	2.156e-03
10	2	HLA-B45:01	3.614e-02	2.410e-03
10	2	HLA-B46:01	3.070e+00	4.449e-02
10	2	HLA-B49:01	3.263e-03	6.525e-04
10	2	HLA-B50:01	5.911e-08	2.570e-09
10	2	HLA-B51:01	1.270e+00	2.396e-02
10	2	HLA-B51:08	1.514e-03	3.785e-04
10	2	HLA-B54:01	5.729e-01	2.046e-02
10	2	HLA-B56:01	6.293e-04	2.248e-05
10	2	HLA-B57:01	2.915e+01	3.672e-02
10	2	HLA-B57:03	9.735e+00	3.392e-02
10	2	HLA-B58:01	1.140e+01	5.455e-02
10	2	HLA-B73:01	3.277e-08	4.682e-09
10	2	HLA-C01:02	8.414e-01	1.503e-02
10	2	HLA-C02:02	6.298e-01	1.749e-02
10	2	HLA-C03:03	2.158e-01	1.541e-02
10	2	HLA-C03:04	4.157e-01	1.260e-02
10	2	HLA-C04:01	2.871e-04	9.261e-06
10	2	HLA-C05:01	7.151e-01	5.675e-03
10	2	HLA-C06:02	1.194e-01	5.427e-03
10	2	HLA-C07:01	2.240e-03	4.481e-04
10	2	HLA-C07:02	3.375e-01	1.534e-02
10	2	HLA-C08:02	8.422e-03	1.504e-04
10	2	HLA-C12:03	1.186e-03	1.078e-04
10	2	HLA-C14:02	5.587e-02	7.981e-04
10	2	HLA-C15:02	7.663e-01	6.966e-02
10	2	HLA-C16:01	1.772e-01	6.815e-03
10	2	HLA-C17:01	9.852e-01	1.095e-01
10	3	HLA-A01:01	2.006e+01	5.558e-02
10	3	HLA-A01:03	1.941e-01	9.704e-02
10	3	HLA-A02:01	3.129e+01	6.630e-02
10	3	HLA-A02:03	4.664e+00	4.759e-02
10	3	HLA-A02:04	2.992e+00	4.337e-02
10	3	HLA-A02:05	2.858e-01	2.598e-02
10	3	HLA-A02:07	2.198e+00	2.314e-02
10	3	HLA-A03:01	1.786e+01	7.538e-02
10	3	HLA-A11:01	1.399e+01	1.021e-01
10	3	HLA-A23:01	4.483e-01	1.121e-01
10	3	HLA-A24:02	2.750e+01	1.180e-01
10	3	HLA-A24:06	1.145e+00	7.158e-02
10	3	HLA-A24:13	5.081e-01	7.258e-02
10	3	HLA-A26:01	9.636e-01	1.377e-01
10	3	HLA-A26:03	2.204e-02	2.204e-02
10	3	HLA-A29:02	2.619e+01	1.052e-01
10	3	HLA-A30:02	1.688e-01	8.438e-02
10	3	HLA-A31:01	4.522e+00	7.797e-02
10	3	HLA-A32:01	9.711e-01	8.093e-02
10	3	HLA-A66:01	3.292e-01	1.097e-01
10	3	HLA-A66:02	1.526e-01	7.632e-02
10	3	HLA-A68:02	5.494e+00	6.783e-02
10	3	HLA-B07:02	6.026e+01	1.198e-01
10	3	HLA-B08:01	5.208e+00	8.267e-02
10	3	HLA-B13:01	1.611e-03	1.611e-03
10	3	HLA-B14:02	1.285e-02	1.285e-02
10	3	HLA-B15:01	2.816e+01	9.579e-02
10	3	HLA-B15:02	1.374e+01	1.049e-01
10	3	HLA-B15:08	2.656e-01	1.328e-01
10	3	HLA-B15:11	2.932e-01	9.773e-02
10	3	HLA-B18:01	2.873e+00	1.437e-01
10	3	HLA-B27:01	1.777e+01	8.503e-02
10	3	HLA-B27:02	1.798e+01	1.064e-01
10	3	HLA-B27:03	4.084e+00	9.075e-02
10	3	HLA-B27:04	4.939e+00	8.666e-02
10	3	HLA-B27:05	2.267e+01	9.067e-02
10	3	HLA-B27:06	4.487e+00	8.309e-02
10	3	HLA-B27:07	1.063e+01	9.322e-02
10	3	HLA-B27:08	1.008e+01	9.248e-02
10	3	HLA-B27:09	2.005e+01	9.595e-02
10	3	HLA-B35:01	6.756e+00	9.791e-02
10	3	HLA-B35:03	5.418e-01	9.030e-02
10	3	HLA-B35:08	4.606e-01	7.677e-02
10	3	HLA-B39:01	2.008e+00	9.126e-02
10	3	HLA-B39:06	1.458e+00	1.122e-01
10	3	HLA-B39:24	1.177e-01	1.177e-01
10	3	HLA-B40:01	1.738e+01	1.287e-01
10	3	HLA-B40:02	3.503e+01	1.141e-01
10	3	HLA-B41:01	1.302e+00	8.680e-02
10	3	HLA-B41:02	2.147e-01	1.074e-01
10	3	HLA-B41:03	5.104e-01	1.021e-01
10	3	HLA-B41:04	1.339e-01	1.339e-01
10	3	HLA-B41:05	1.700e-01	1.700e-01
10	3	HLA-B44:02	3.664e+01	1.328e-01
10	3	HLA-B44:03	3.424e+01	1.241e-01
10	3	HLA-B44:05	1.156e-01	1.156e-01
10	3	HLA-B44:08	9.363e-02	9.363e-02
10	3	HLA-B44:09	5.126e-01	1.282e-01
10	3	HLA-B44:27	1.200e+00	1.334e-01
10	3	HLA-B44:28	8.290e-01	1.184e-01
10	3	HLA-B45:01	1.547e+00	1.031e-01
10	3	HLA-B46:01	1.688e+00	2.446e-02
10	3	HLA-B49:01	8.773e-01	1.755e-01
10	3	HLA-B50:01	1.814e+00	7.888e-02
10	3	HLA-B51:01	3.091e+00	5.832e-02
10	3	HLA-B51:08	4.294e-01	1.073e-01
10	3	HLA-B54:01	4.245e+00	1.516e-01
10	3	HLA-B56:01	3.213e+00	1.147e-01
10	3	HLA-B57:01	8.671e+01	1.092e-01
10	3	HLA-B57:03	2.914e+01	1.015e-01
10	3	HLA-B58:01	2.164e+01	1.035e-01
10	3	HLA-B73:01	4.090e-01	5.842e-02
10	3	HLA-C01:02	1.257e+00	2.245e-02
10	3	HLA-C02:02	2.751e+00	7.642e-02
10	3	HLA-C03:03	3.266e+00	2.333e-01
10	3	HLA-C03:04	5.035e+00	1.526e-01
10	3	HLA-C04:01	3.519e-03	1.135e-04
10	3	HLA-C05:01	7.786e-01	6.179e-03
10	3	HLA-C06:02	4.733e-01	2.151e-02
10	3	HLA-C07:01	1.551e-01	3.103e-02
10	3	HLA-C07:02	7.230e-01	3.287e-02
10	3	HLA-C08:02	2.493e-02	4.453e-04
10	3	HLA-C12:03	2.834e+00	2.577e-01
10	3	HLA-C14:02	5.053e+00	7.218e-02
10	3	HLA-C15:02	1.340e+00	1.218e-01
10	3	HLA-C16:01	1.686e+00	6.485e-02
10	3	HLA-C17:01	2.116e+00	2.351e-01
10	4	HLA-A01:01	5.285e+01	1.464e-01
10	4	HLA-A01:03	2.541e-01	1.270e-01
10	4	HLA-A02:01	4.598e+01	9.742e-02
10	4	HLA-A02:03	1.047e+01	1.068e-01
10	4	HLA-A02:04	5.953e+00	8.627e-02
10	4	HLA-A02:05	9.881e-01	8.983e-02
10	4	HLA-A02:07	1.044e+01	1.099e-01
10	4	HLA-A03:01	3.152e+01	1.330e-01
10	4	HLA-A11:01	1.940e+01	1.416e-01
10	4	HLA-A23:01	4.941e-01	1.235e-01
10	4	HLA-A24:02	2.832e+01	1.215e-01
10	4	HLA-A24:06	1.723e+00	1.077e-01
10	4	HLA-A24:13	5.075e-01	7.251e-02
10	4	HLA-A26:01	1.130e+00	1.614e-01
10	4	HLA-A26:03	5.585e-02	5.585e-02
10	4	HLA-A29:02	3.356e+01	1.348e-01
10	4	HLA-A30:02	2.910e-01	1.455e-01
10	4	HLA-A31:01	6.924e+00	1.194e-01
10	4	HLA-A32:01	2.568e+00	2.140e-01
10	4	HLA-A66:01	4.410e-01	1.470e-01
10	4	HLA-A66:02	2.392e-01	1.196e-01
10	4	HLA-A68:02	8.521e+00	1.052e-01
10	4	HLA-B07:02	7.252e+01	1.442e-01
10	4	HLA-B08:01	7.017e+00	1.114e-01
10	4	HLA-B13:01	4.630e-02	4.630e-02
10	4	HLA-B14:02	2.001e-01	2.001e-01
10	4	HLA-B15:01	4.377e+01	1.489e-01
10	4	HLA-B15:02	1.469e+01	1.121e-01
10	4	HLA-B15:08	2.500e-01	1.250e-01
10	4	HLA-B15:11	4.104e-01	1.368e-01
10	4	HLA-B18:01	2.963e+00	1.481e-01
10	4	HLA-B27:01	2.889e+01	1.382e-01
10	4	HLA-B27:02	2.424e+01	1.434e-01
10	4	HLA-B27:03	6.514e+00	1.447e-01
10	4	HLA-B27:04	7.889e+00	1.384e-01
10	4	HLA-B27:05	3.685e+01	1.474e-01
10	4	HLA-B27:06	7.465e+00	1.382e-01
10	4	HLA-B27:07	1.604e+01	1.407e-01
10	4	HLA-B27:08	1.500e+01	1.377e-01
10	4	HLA-B27:09	2.961e+01	1.417e-01
10	4	HLA-B35:01	9.583e+00	1.389e-01
10	4	HLA-B35:03	2.088e+00	3.480e-01
10	4	HLA-B35:08	1.062e+00	1.770e-01
10	4	HLA-B39:01	3.352e+00	1.524e-01
10	4	HLA-B39:06	2.281e+00	1.755e-01
10	4	HLA-B39:24	1.445e-01	1.445e-01
10	4	HLA-B40:01	1.948e+01	1.443e-01
10	4	HLA-B40:02	4.466e+01	1.455e-01
10	4	HLA-B41:01	1.499e+00	9.990e-02
10	4	HLA-B41:02	2.645e-01	1.322e-01
10	4	HLA-B41:03	5.061e-01	1.012e-01
10	4	HLA-B41:04	1.232e-01	1.232e-01
10	4	HLA-B41:05	2.323e-01	2.323e-01
10	4	HLA-B44:02	3.910e+01	1.417e-01
10	4	HLA-B44:03	3.865e+01	1.400e-01
10	4	HLA-B44:05	1.295e-01	1.295e-01
10	4	HLA-B44:08	1.145e-01	1.145e-01
10	4	HLA-B44:09	4.627e-01	1.157e-01
10	4	HLA-B44:27	1.268e+00	1.409e-01
10	4	HLA-B44:28	1.102e+00	1.574e-01
10	4	HLA-B45:01	1.404e+00	9.361e-02
10	4	HLA-B46:01	2.727e+00	3.952e-02
10	4	HLA-B49:01	8.044e-01	1.609e-01
10	4	HLA-B50:01	2.767e+00	1.203e-01
10	4	HLA-B51:01	8.655e+00	1.633e-01
10	4	HLA-B51:08	7.281e-01	1.820e-01
10	4	HLA-B54:01	4.102e+00	1.465e-01
10	4	HLA-B56:01	3.775e+00	1.348e-01
10	4	HLA-B57:01	1.036e+02	1.305e-01
10	4	HLA-B57:03	3.848e+01	1.341e-01
10	4	HLA-B58:01	2.557e+01	1.223e-01
10	4	HLA-B73:01	1.124e+00	1.606e-01
10	4	HLA-C01:02	8.209e+00	1.466e-01
10	4	HLA-C02:02	3.090e+00	8.584e-02
10	4	HLA-C03:03	2.563e+00	1.831e-01
10	4	HLA-C03:04	4.536e+00	1.375e-01
10	4	HLA-C04:01	5.546e+00	1.789e-01
10	4	HLA-C05:01	1.245e+01	9.880e-02
10	4	HLA-C06:02	1.863e+00	8.468e-02
10	4	HLA-C07:01	1.664e-01	3.328e-02
10	4	HLA-C07:02	1.716e+00	7.799e-02
10	4	HLA-C08:02	7.627e+00	1.362e-01
10	4	HLA-C12:03	1.031e+00	9.373e-02
10	4	HLA-C14:02	8.965e+00	1.281e-01
10	4	HLA-C15:02	1.766e+00	1.605e-01
10	4	HLA-C16:01	1.740e+00	6.692e-02
10	4	HLA-C17:01	1.292e+00	1.436e-01
10	5	HLA-A01:01	5.384e+01	1.491e-01
10	5	HLA-A01:03	2.499e-01	1.249e-01
10	5	HLA-A02:01	8.686e+01	1.840e-01
10	5	HLA-A02:03	1.616e+01	1.649e-01
10	5	HLA-A02:04	1.246e+01	1.806e-01
10	5	HLA-A02:05	5.804e-01	5.277e-02
10	5	HLA-A02:07	1.619e+01	1.705e-01
10	5	HLA-A03:01	3.850e+01	1.624e-01
10	5	HLA-A11:01	2.285e+01	1.668e-01
10	5	HLA-A23:01	5.859e-01	1.465e-01
10	5	HLA-A24:02	3.521e+01	1.511e-01
10	5	HLA-A24:06	2.399e+00	1.499e-01
10	5	HLA-A24:13	7.672e-01	1.096e-01
10	5	HLA-A26:01	8.978e-01	1.283e-01
10	5	HLA-A26:03	1.574e-01	1.574e-01
10	5	HLA-A29:02	3.753e+01	1.507e-01
10	5	HLA-A30:02	3.276e-01	1.638e-01
10	5	HLA-A31:01	9.117e+00	1.572e-01
10	5	HLA-A32:01	1.737e+00	1.448e-01
10	5	HLA-A66:01	3.479e-01	1.160e-01
10	5	HLA-A66:02	2.520e-01	1.260e-01
10	5	HLA-A68:02	1.332e+01	1.644e-01
10	5	HLA-B07:02	7.591e+01	1.509e-01
10	5	HLA-B08:01	6.976e+00	1.107e-01
10	5	HLA-B13:01	2.050e-01	2.050e-01
10	5	HLA-B14:02	1.258e-01	1.258e-01
10	5	HLA-B15:01	4.507e+01	1.533e-01
10	5	HLA-B15:02	1.889e+01	1.442e-01
10	5	HLA-B15:08	2.482e-01	1.241e-01
10	5	HLA-B15:11	5.217e-01	1.739e-01
10	5	HLA-B18:01	2.926e+00	1.463e-01
10	5	HLA-B27:01	2.972e+01	1.422e-01
10	5	HLA-B27:02	2.597e+01	1.537e-01
10	5	HLA-B27:03	7.053e+00	1.567e-01
10	5	HLA-B27:04	8.557e+00	1.501e-01
10	5	HLA-B27:05	3.590e+01	1.436e-01
10	5	HLA-B27:06	8.210e+00	1.520e-01
10	5	HLA-B27:07	1.760e+01	1.544e-01
10	5	HLA-B27:08	1.631e+01	1.496e-01
10	5	HLA-B27:09	2.972e+01	1.422e-01
10	5	HLA-B35:01	8.637e+00	1.252e-01
10	5	HLA-B35:03	6.851e-01	1.142e-01
10	5	HLA-B35:08	8.006e-01	1.334e-01
10	5	HLA-B39:01	3.864e+00	1.756e-01
10	5	HLA-B39:06	2.377e+00	1.829e-01
10	5	HLA-B39:24	1.661e-01	1.661e-01
10	5	HLA-B40:01	2.006e+01	1.486e-01
10	5	HLA-B40:02	4.744e+01	1.545e-01
10	5	HLA-B41:01	2.421e+00	1.614e-01
10	5	HLA-B41:02	2.815e-01	1.407e-01
10	5	HLA-B41:03	8.073e-01	1.615e-01
10	5	HLA-B41:04	1.557e-01	1.557e-01
10	5	HLA-B41:05	9.037e-02	9.037e-02
10	5	HLA-B44:02	3.939e+01	1.427e-01
10	5	HLA-B44:03	4.036e+01	1.462e-01
10	5	HLA-B44:05	1.283e-01	1.283e-01
10	5	HLA-B44:08	1.606e-01	1.606e-01
10	5	HLA-B44:09	4.441e-01	1.110e-01
10	5	HLA-B44:27	1.247e+00	1.385e-01
10	5	HLA-B44:28	1.117e+00	1.596e-01
10	5	HLA-B45:01	1.874e+00	1.249e-01
10	5	HLA-B46:01	7.799e+00	1.130e-01
10	5	HLA-B49:01	7.137e-01	1.427e-01
10	5	HLA-B50:01	3.661e+00	1.592e-01
10	5	HLA-B51:01	8.489e+00	1.602e-01
10	5	HLA-B51:08	5.301e-01	1.325e-01
10	5	HLA-B54:01	3.594e+00	1.284e-01
10	5	HLA-B56:01	4.197e+00	1.499e-01
10	5	HLA-B57:01	1.115e+02	1.404e-01
10	5	HLA-B57:03	4.098e+01	1.428e-01
10	5	HLA-B58:01	2.918e+01	1.396e-01
10	5	HLA-B73:01	1.162e+00	1.661e-01
10	5	HLA-C01:02	1.249e+01	2.229e-01
10	5	HLA-C02:02	7.507e+00	2.085e-01
10	5	HLA-C03:03	1.391e+00	9.936e-02
10	5	HLA-C03:04	4.760e+00	1.442e-01
10	5	HLA-C04:01	5.617e+00	1.812e-01
10	5	HLA-C05:01	2.231e+01	1.771e-01
10	5	HLA-C06:02	2.471e+00	1.123e-01
10	5	HLA-C07:01	7.064e-01	1.413e-01
10	5	HLA-C07:02	3.149e+00	1.431e-01
10	5	HLA-C08:02	1.038e+01	1.854e-01
10	5	HLA-C12:03	1.653e+00	1.503e-01
10	5	HLA-C14:02	1.114e+01	1.591e-01
10	5	HLA-C15:02	2.975e+00	2.705e-01
10	5	HLA-C16:01	5.744e+00	2.209e-01
10	5	HLA-C17:01	1.183e+00	1.315e-01
10	6	HLA-A01:01	5.261e+01	1.457e-01
10	6	HLA-A01:03	2.508e-01	1.254e-01
10	6	HLA-A02:01	8.432e+01	1.786e-01
10	6	HLA-A02:03	1.976e+01	2.016e-01
10	6	HLA-A02:04	1.189e+01	1.723e-01
10	6	HLA-A02:05	8.171e-01	7.428e-02
10	6	HLA-A02:07	1.620e+01	1.706e-01
10	6	HLA-A03:01	3.746e+01	1.581e-01
10	6	HLA-A11:01	2.115e+01	1.544e-01
10	6	HLA-A23:01	6.186e-01	1.547e-01
10	6	HLA-A24:02	3.760e+01	1.614e-01
10	6	HLA-A24:06	3.120e+00	1.950e-01
10	6	HLA-A24:13	8.470e-01	1.210e-01
10	6	HLA-A26:01	1.120e+00	1.600e-01
10	6	HLA-A26:03	1.574e-01	1.574e-01
10	6	HLA-A29:02	3.655e+01	1.468e-01
10	6	HLA-A30:02	2.786e-01	1.393e-01
10	6	HLA-A31:01	8.109e+00	1.398e-01
10	6	HLA-A32:01	1.898e+00	1.582e-01
10	6	HLA-A66:01	4.329e-01	1.443e-01
10	6	HLA-A66:02	2.923e-01	1.461e-01
10	6	HLA-A68:02	1.307e+01	1.613e-01
10	6	HLA-B07:02	7.222e+01	1.436e-01
10	6	HLA-B08:01	9.631e+00	1.529e-01
10	6	HLA-B13:01	5.909e-02	5.909e-02
10	6	HLA-B14:02	2.209e-01	2.209e-01
10	6	HLA-B15:01	4.648e+01	1.581e-01
10	6	HLA-B15:02	1.972e+01	1.505e-01
10	6	HLA-B15:08	2.240e-01	1.120e-01
10	6	HLA-B15:11	4.817e-01	1.606e-01
10	6	HLA-B18:01	2.904e+00	1.452e-01
10	6	HLA-B27:01	3.241e+01	1.551e-01
10	6	HLA-B27:02	2.613e+01	1.546e-01
10	6	HLA-B27:03	7.475e+00	1.661e-01
10	6	HLA-B27:04	9.431e+00	1.655e-01
10	6	HLA-B27:05	3.998e+01	1.599e-01
10	6	HLA-B27:06	8.541e+00	1.582e-01
10	6	HLA-B27:07	1.827e+01	1.603e-01
10	6	HLA-B27:08	1.661e+01	1.524e-01
10	6	HLA-B27:09	3.104e+01	1.485e-01
10	6	HLA-B35:01	9.234e+00	1.338e-01
10	6	HLA-B35:03	5.579e-01	9.299e-02
10	6	HLA-B35:08	1.429e+00	2.382e-01
10	6	HLA-B39:01	3.844e+00	1.747e-01
10	6	HLA-B39:06	1.914e+00	1.473e-01
10	6	HLA-B39:24	1.597e-01	1.597e-01
10	6	HLA-B40:01	2.021e+01	1.497e-01
10	6	HLA-B40:02	4.722e+01	1.538e-01
10	6	HLA-B41:01	2.120e+00	1.413e-01
10	6	HLA-B41:02	2.667e-01	1.334e-01
10	6	HLA-B41:03	8.695e-01	1.739e-01
10	6	HLA-B41:04	1.407e-01	1.407e-01
10	6	HLA-B41:05	1.436e-01	1.436e-01
10	6	HLA-B44:02	3.928e+01	1.423e-01
10	6	HLA-B44:03	4.208e+01	1.525e-01
10	6	HLA-B44:05	1.276e-01	1.276e-01
10	6	HLA-B44:08	1.734e-01	1.734e-01
10	6	HLA-B44:09	8.073e-01	2.018e-01
10	6	HLA-B44:27	1.271e+00	1.412e-01
10	6	HLA-B44:28	1.095e+00	1.564e-01
10	6	HLA-B45:01	2.283e+00	1.522e-01
10	6	HLA-B46:01	1.677e+01	2.431e-01
10	6	HLA-B49:01	8.020e-01	1.604e-01
10	6	HLA-B50:01	3.670e+00	1.596e-01
10	6	HLA-B51:01	7.210e+00	1.360e-01
10	6	HLA-B51:08	6.048e-01	1.512e-01
10	6	HLA-B54:01	3.915e+00	1.398e-01
10	6	HLA-B56:01	4.490e+00	1.603e-01
10	6	HLA-B57:01	1.120e+02	1.410e-01
10	6	HLA-B57:03	4.304e+01	1.500e-01
10	6	HLA-B58:01	3.015e+01	1.442e-01
10	6	HLA-B73:01	1.272e+00	1.817e-01
10	6	HLA-C01:02	1.104e+01	1.972e-01
10	6	HLA-C02:02	6.707e+00	1.863e-01
10	6	HLA-C03:03	2.035e+00	1.453e-01
10	6	HLA-C03:04	4.745e+00	1.438e-01
10	6	HLA-C04:01	6.463e+00	2.085e-01
10	6	HLA-C05:01	2.194e+01	1.741e-01
10	6	HLA-C06:02	2.988e+00	1.358e-01
10	6	HLA-C07:01	5.953e-01	1.191e-01
10	6	HLA-C07:02	3.243e+00	1.474e-01
10	6	HLA-C08:02	9.097e+00	1.625e-01
10	6	HLA-C12:03	1.456e+00	1.323e-01
10	6	HLA-C14:02	1.372e+01	1.960e-01
10	6	HLA-C15:02	1.229e+00	1.117e-01
10	6	HLA-C16:01	6.556e+00	2.521e-01
10	6	HLA-C17:01	8.201e-01	9.112e-02
10	7	HLA-A01:01	5.294e+01	1.467e-01
10	7	HLA-A01:03	2.619e-01	1.309e-01
10	7	HLA-A02:01	7.696e+01	1.631e-01
10	7	HLA-A02:03	1.225e+01	1.250e-01
10	7	HLA-A02:04	9.673e+00	1.402e-01
10	7	HLA-A02:05	9.488e-01	8.625e-02
10	7	HLA-A02:07	1.783e+01	1.877e-01
10	7	HLA-A03:01	3.485e+01	1.470e-01
10	7	HLA-A11:01	2.296e+01	1.676e-01
10	7	HLA-A23:01	5.698e-01	1.425e-01
10	7	HLA-A24:02	3.851e+01	1.653e-01
10	7	HLA-A24:06	3.055e+00	1.909e-01
10	7	HLA-A24:13	1.803e+00	2.575e-01
10	7	HLA-A26:01	1.010e+00	1.443e-01
10	7	HLA-A26:03	3.955e-01	3.955e-01
10	7	HLA-A29:02	3.552e+01	1.426e-01
10	7	HLA-A30:02	2.861e-01	1.431e-01
10	7	HLA-A31:01	8.852e+00	1.526e-01
10	7	HLA-A32:01	1.305e+00	1.088e-01
10	7	HLA-A66:01	4.182e-01	1.394e-01
10	7	HLA-A66:02	2.872e-01	1.436e-01
10	7	HLA-A68:02	1.380e+01	1.703e-01
10	7	HLA-B07:02	7.228e+01	1.437e-01
10	7	HLA-B08:01	1.107e+01	1.757e-01
10	7	HLA-B13:01	6.217e-01	6.217e-01
10	7	HLA-B14:02	3.448e-01	3.448e-01
10	7	HLA-B15:01	4.710e+01	1.602e-01
10	7	HLA-B15:02	1.898e+01	1.449e-01
10	7	HLA-B15:08	2.671e-01	1.335e-01
10	7	HLA-B15:11	4.641e-01	1.547e-01
10	7	HLA-B18:01	2.865e+00	1.432e-01
10	7	HLA-B27:01	3.388e+01	1.621e-01
10	7	HLA-B27:02	2.583e+01	1.528e-01
10	7	HLA-B27:03	6.534e+00	1.452e-01
10	7	HLA-B27:04	8.898e+00	1.561e-01
10	7	HLA-B27:05	3.977e+01	1.591e-01
10	7	HLA-B27:06	8.374e+00	1.551e-01
10	7	HLA-B27:07	1.773e+01	1.555e-01
10	7	HLA-B27:08	1.651e+01	1.515e-01
10	7	HLA-B27:09	3.022e+01	1.446e-01
10	7	HLA-B35:01	8.633e+00	1.251e-01
10	7	HLA-B35:03	9.263e-01	1.544e-01
10	7	HLA-B35:08	8.129e-01	1.355e-01
10	7	HLA-B39:01	3.945e+00	1.793e-01
10	7	HLA-B39:06	2.391e+00	1.839e-01
10	7	HLA-B39:24	1.700e-01	1.700e-01
10	7	HLA-B40:01	2.009e+01	1.488e-01
10	7	HLA-B40:02	4.622e+01	1.505e-01
10	7	HLA-B41:01	2.721e+00	1.814e-01
10	7	HLA-B41:02	2.751e-01	1.376e-01
10	7	HLA-B41:03	9.045e-01	1.809e-01
10	7	HLA-B41:04	1.400e-01	1.400e-01
10	7	HLA-B41:05	1.796e-01	1.796e-01
10	7	HLA-B44:02	3.919e+01	1.420e-01
10	7	HLA-B44:03	4.220e+01	1.529e-01
10	7	HLA-B44:05	1.236e-01	1.236e-01
10	7	HLA-B44:08	1.771e-01	1.771e-01
10	7	HLA-B44:09	1.075e+00	2.688e-01
10	7	HLA-B44:27	1.275e+00	1.417e-01
10	7	HLA-B44:28	9.601e-01	1.372e-01
10	7	HLA-B45:01	3.162e+00	2.108e-01
10	7	HLA-B46:01	1.491e+01	2.161e-01
10	7	HLA-B49:01	6.386e-01	1.277e-01
10	7	HLA-B50:01	3.688e+00	1.604e-01
10	7	HLA-B51:01	6.905e+00	1.303e-01
10	7	HLA-B51:08	7.534e-01	1.884e-01
10	7	HLA-B54:01	3.469e+00	1.239e-01
10	7	HLA-B56:01	4.478e+00	1.599e-01
10	7	HLA-B57:01	1.161e+02	1.462e-01
10	7	HLA-B57:03	4.530e+01	1.578e-01
10	7	HLA-B58:01	2.944e+01	1.409e-01
10	7	HLA-B73:01	8.510e-01	1.216e-01
10	7	HLA-C01:02	1.135e+01	2.028e-01
10	7	HLA-C02:02	6.455e+00	1.793e-01
10	7	HLA-C03:03	2.008e+00	1.435e-01
10	7	HLA-C03:04	5.172e+00	1.567e-01
10	7	HLA-C04:01	5.181e+00	1.671e-01
10	7	HLA-C05:01	2.313e+01	1.836e-01
10	7	HLA-C06:02	4.201e+00	1.909e-01
10	7	HLA-C07:01	5.441e-01	1.088e-01
10	7	HLA-C07:02	4.214e+00	1.916e-01
10	7	HLA-C08:02	1.008e+01	1.800e-01
10	7	HLA-C12:03	1.772e+00	1.611e-01
10	7	HLA-C14:02	1.236e+01	1.766e-01
10	7	HLA-C15:02	1.097e+00	9.977e-02
10	7	HLA-C16:01	5.778e+00	2.222e-01
10	7	HLA-C17:01	6.272e-01	6.969e-02
10	8	HLA-A01:01	4.883e+01	1.353e-01
10	8	HLA-A01:03	2.513e-01	1.256e-01
10	8	HLA-A02:01	6.974e+01	1.478e-01
10	8	HLA-A02:03	1.775e+01	1.811e-01
10	8	HLA-A02:04	1.177e+01	1.706e-01
10	8	HLA-A02:05	2.510e+00	2.282e-01
10	8	HLA-A02:07	1.756e+01	1.848e-01
10	8	HLA-A03:01	3.437e+01	1.450e-01
10	8	HLA-A11:01	1.777e+01	1.297e-01
10	8	HLA-A23:01	6.756e-01	1.689e-01
10	8	HLA-A24:02	3.166e+01	1.359e-01
10	8	HLA-A24:06	2.491e+00	1.557e-01
10	8	HLA-A24:13	1.814e+00	2.591e-01
10	8	HLA-A26:01	8.685e-01	1.241e-01
10	8	HLA-A26:03	6.288e-02	6.288e-02
10	8	HLA-A29:02	2.512e+01	1.009e-01
10	8	HLA-A30:02	1.728e-01	8.641e-02
10	8	HLA-A31:01	7.903e+00	1.363e-01
10	8	HLA-A32:01	1.568e+00	1.307e-01
10	8	HLA-A66:01	4.525e-01	1.508e-01
10	8	HLA-A66:02	2.693e-01	1.346e-01
10	8	HLA-A68:02	1.316e+01	1.624e-01
10	8	HLA-B07:02	7.097e+01	1.411e-01
10	8	HLA-B08:01	1.082e+01	1.717e-01
10	8	HLA-B13:01	4.437e-02	4.437e-02
10	8	HLA-B14:02	3.319e-02	3.319e-02
10	8	HLA-B15:01	4.252e+01	1.446e-01
10	8	HLA-B15:02	1.632e+01	1.246e-01
10	8	HLA-B15:08	2.501e-01	1.250e-01
10	8	HLA-B15:11	4.349e-01	1.450e-01
10	8	HLA-B18:01	2.934e+00	1.467e-01
10	8	HLA-B27:01	3.129e+01	1.497e-01
10	8	HLA-B27:02	2.387e+01	1.412e-01
10	8	HLA-B27:03	6.428e+00	1.428e-01
10	8	HLA-B27:04	8.191e+00	1.437e-01
10	8	HLA-B27:05	3.515e+01	1.406e-01
10	8	HLA-B27:06	8.270e+00	1.531e-01
10	8	HLA-B27:07	1.637e+01	1.436e-01
10	8	HLA-B27:08	1.580e+01	1.450e-01
10	8	HLA-B27:09	3.254e+01	1.557e-01
10	8	HLA-B35:01	9.279e+00	1.345e-01
10	8	HLA-B35:03	6.584e-01	1.097e-01
10	8	HLA-B35:08	8.840e-01	1.473e-01
10	8	HLA-B39:01	2.773e+00	1.260e-01
10	8	HLA-B39:06	1.716e+00	1.320e-01
10	8	HLA-B39:24	1.217e-01	1.217e-01
10	8	HLA-B40:01	1.877e+01	1.391e-01
10	8	HLA-B40:02	4.350e+01	1.417e-01
10	8	HLA-B41:01	2.135e+00	1.424e-01
10	8	HLA-B41:02	2.983e-01	1.492e-01
10	8	HLA-B41:03	7.614e-01	1.523e-01
10	8	HLA-B41:04	1.423e-01	1.423e-01
10	8	HLA-B41:05	1.115e-01	1.115e-01
10	8	HLA-B44:02	3.639e+01	1.318e-01
10	8	HLA-B44:03	3.884e+01	1.407e-01
10	8	HLA-B44:05	1.148e-01	1.148e-01
10	8	HLA-B44:08	1.771e-01	1.771e-01
10	8	HLA-B44:09	4.183e-01	1.046e-01
10	8	HLA-B44:27	1.219e+00	1.354e-01
10	8	HLA-B44:28	9.173e-01	1.310e-01
10	8	HLA-B45:01	2.526e+00	1.684e-01
10	8	HLA-B46:01	1.186e+01	1.720e-01
10	8	HLA-B49:01	4.644e-01	9.288e-02
10	8	HLA-B50:01	3.710e+00	1.613e-01
10	8	HLA-B51:01	9.304e+00	1.755e-01
10	8	HLA-B51:08	5.586e-01	1.396e-01
10	8	HLA-B54:01	3.185e+00	1.138e-01
10	8	HLA-B56:01	4.287e+00	1.531e-01
10	8	HLA-B57:01	1.036e+02	1.305e-01
10	8	HLA-B57:03	3.942e+01	1.374e-01
10	8	HLA-B58:01	2.938e+01	1.406e-01
10	8	HLA-B73:01	8.103e-01	1.158e-01
10	8	HLA-C01:02	6.881e+00	1.229e-01
10	8	HLA-C02:02	5.350e+00	1.486e-01
10	8	HLA-C03:03	1.497e+00	1.069e-01
10	8	HLA-C03:04	4.160e+00	1.261e-01
10	8	HLA-C04:01	4.335e+00	1.398e-01
10	8	HLA-C05:01	2.043e+01	1.621e-01
10	8	HLA-C06:02	4.784e+00	2.175e-01
10	8	HLA-C07:01	1.462e+00	2.924e-01
10	8	HLA-C07:02	4.295e+00	1.952e-01
10	8	HLA-C08:02	1.021e+01	1.824e-01
10	8	HLA-C12:03	1.193e+00	1.085e-01
10	8	HLA-C14:02	1.107e+01	1.582e-01
10	8	HLA-C15:02	1.257e+00	1.143e-01
10	8	HLA-C16:01	2.633e+00	1.013e-01
10	8	HLA-C17:01	7.704e-01	8.561e-02
10	9	HLA-A01:01	4.399e+01	1.219e-01
10	9	HLA-A01:03	2.575e-01	1.288e-01
10	9	HLA-A02:01	5.287e+01	1.120e-01
10	9	HLA-A02:03	1.648e+01	1.682e-01
10	9	HLA-A02:04	8.003e+00	1.160e-01
10	9	HLA-A02:05	4.655e+00	4.232e-01
10	9	HLA-A02:07	1.403e+01	1.477e-01
10	9	HLA-A03:01	3.345e+01	1.411e-01
10	9	HLA-A11:01	1.645e+01	1.201e-01
10	9	HLA-A23:01	5.798e-01	1.449e-01
10	9	HLA-A24:02	2.784e+01	1.195e-01
10	9	HLA-A24:06	1.709e+00	1.068e-01
10	9	HLA-A24:13	7.329e-01	1.047e-01
10	9	HLA-A26:01	8.817e-01	1.260e-01
10	9	HLA-A26:03	1.489e-01	1.489e-01
10	9	HLA-A29:02	2.559e+01	1.028e-01
10	9	HLA-A30:02	2.019e-01	1.010e-01
10	9	HLA-A31:01	7.249e+00	1.250e-01
10	9	HLA-A32:01	1.328e+00	1.107e-01
10	9	HLA-A66:01	4.229e-01	1.410e-01
10	9	HLA-A66:02	2.335e-01	1.167e-01
10	9	HLA-A68:02	9.186e+00	1.134e-01
10	9	HLA-B07:02	6.671e+01	1.326e-01
10	9	HLA-B08:01	5.937e+00	9.423e-02
10	9	HLA-B13:01	2.191e-02	2.191e-02
10	9	HLA-B14:02	6.243e-02	6.243e-02
10	9	HLA-B15:01	3.611e+01	1.228e-01
10	9	HLA-B15:02	1.347e+01	1.028e-01
10	9	HLA-B15:08	2.490e-01	1.245e-01
10	9	HLA-B15:11	3.248e-01	1.083e-01
10	9	HLA-B18:01	2.485e+00	1.243e-01
10	9	HLA-B27:01	2.702e+01	1.293e-01
10	9	HLA-B27:02	2.272e+01	1.344e-01
10	9	HLA-B27:03	6.183e+00	1.374e-01
10	9	HLA-B27:04	8.086e+00	1.419e-01
10	9	HLA-B27:05	3.323e+01	1.329e-01
10	9	HLA-B27:06	7.982e+00	1.478e-01
10	9	HLA-B27:07	1.591e+01	1.395e-01
10	9	HLA-B27:08	1.485e+01	1.362e-01
10	9	HLA-B27:09	2.979e+01	1.426e-01
10	9	HLA-B35:01	1.304e+01	1.889e-01
10	9	HLA-B35:03	4.933e-01	8.222e-02
10	9	HLA-B35:08	4.728e-01	7.881e-02
10	9	HLA-B39:01	2.185e+00	9.930e-02
10	9	HLA-B39:06	8.202e-01	6.310e-02
10	9	HLA-B39:24	1.199e-01	1.199e-01
10	9	HLA-B40:01	1.863e+01	1.380e-01
10	9	HLA-B40:02	4.079e+01	1.329e-01
10	9	HLA-B41:01	2.142e+00	1.428e-01
10	9	HLA-B41:02	3.110e-01	1.555e-01
10	9	HLA-B41:03	6.176e-01	1.235e-01
10	9	HLA-B41:04	1.369e-01	1.369e-01
10	9	HLA-B41:05	7.163e-02	7.163e-02
10	9	HLA-B44:02	3.757e+01	1.361e-01
10	9	HLA-B44:03	3.777e+01	1.368e-01
10	9	HLA-B44:05	1.189e-01	1.189e-01
10	9	HLA-B44:08	9.105e-02	9.105e-02
10	9	HLA-B44:09	2.482e-01	6.205e-02
10	9	HLA-B44:27	1.263e+00	1.404e-01
10	9	HLA-B44:28	8.326e-01	1.189e-01
10	9	HLA-B45:01	1.673e+00	1.115e-01
10	9	HLA-B46:01	9.234e+00	1.338e-01
10	9	HLA-B49:01	5.064e-01	1.013e-01
10	9	HLA-B50:01	3.409e+00	1.482e-01
10	9	HLA-B51:01	4.927e+00	9.297e-02
10	9	HLA-B51:08	3.928e-01	9.821e-02
10	9	HLA-B54:01	4.541e+00	1.622e-01
10	9	HLA-B56:01	3.402e+00	1.215e-01
10	9	HLA-B57:01	1.017e+02	1.281e-01
10	9	HLA-B57:03	3.248e+01	1.132e-01
10	9	HLA-B58:01	2.686e+01	1.285e-01
10	9	HLA-B73:01	7.242e-01	1.035e-01
10	9	HLA-C01:02	3.551e+00	6.341e-02
10	9	HLA-C02:02	3.333e+00	9.259e-02
10	9	HLA-C03:03	9.660e-01	6.900e-02
10	9	HLA-C03:04	3.937e+00	1.193e-01
10	9	HLA-C04:01	3.633e+00	1.172e-01
10	9	HLA-C05:01	2.132e+01	1.692e-01
10	9	HLA-C06:02	2.983e+00	1.356e-01
10	9	HLA-C07:01	1.369e+00	2.737e-01
10	9	HLA-C07:02	3.083e+00	1.401e-01
10	9	HLA-C08:02	8.432e+00	1.506e-01
10	9	HLA-C12:03	1.056e+00	9.600e-02
10	9	HLA-C14:02	7.358e+00	1.051e-01
10	9	HLA-C15:02	4.256e-01	3.869e-02
10	9	HLA-C16:01	1.289e+00	4.959e-02
10	9	HLA-C17:01	6.087e-01	6.764e-02
10	10	HLA-A01:01	1.155e+00	3.199e-03
10	10	HLA-A01:03	2.560e-02	1.280e-02
10	10	HLA-A02:01	1.441e+01	3.054e-02
10	10	HLA-A02:03	3.557e-01	3.630e-03
10	10	HLA-A02:04	3.115e+00	4.514e-02
10	10	HLA-A02:05	1.859e-01	1.690e-02
10	10	HLA-A02:07	4.755e-01	5.005e-03
10	10	HLA-A03:01	3.547e+00	1.497e-02
10	10	HLA-A11:01	1.125e-02	8.210e-05
10	10	HLA-A23:01	1.079e-03	2.699e-04
10	10	HLA-A24:02	1.382e+00	5.931e-03
10	10	HLA-A24:06	2.513e-01	1.571e-02
10	10	HLA-A24:13	4.872e-03	6.959e-04
10	10	HLA-A26:01	2.390e-04	3.414e-05
10	10	HLA-A26:03	6.826e-08	6.826e-08
10	10	HLA-A29:02	1.031e-02	4.141e-05
10	10	HLA-A30:02	1.254e-03	6.272e-04
10	10	HLA-A31:01	9.304e-05	1.604e-06
10	10	HLA-A32:01	2.454e-05	2.045e-06
10	10	HLA-A66:01	1.136e-02	3.788e-03
10	10	HLA-A66:02	3.141e-07	1.570e-07
10	10	HLA-A68:02	1.753e+00	2.164e-02
10	10	HLA-B07:02	7.175e+00	1.426e-02
10	10	HLA-B08:01	2.545e+00	4.039e-02
10	10	HLA-B13:01	2.313e-09	2.313e-09
10	10	HLA-B14:02	1.756e-16	1.756e-16
10	10	HLA-B15:01	7.970e-02	2.711e-04
10	10	HLA-B15:02	4.446e-01	3.394e-03
10	10	HLA-B15:08	1.895e-07	9.473e-08
10	10	HLA-B15:11	1.794e-07	5.980e-08
10	10	HLA-B18:01	7.665e-03	3.833e-04
10	10	HLA-B27:01	8.005e+00	3.830e-02
10	10	HLA-B27:02	1.323e+00	7.831e-03
10	10	HLA-B27:03	6.729e-01	1.495e-02
10	10	HLA-B27:04	9.402e-01	1.649e-02
10	10	HLA-B27:05	5.777e+00	2.311e-02
10	10	HLA-B27:06	5.752e-01	1.065e-02
10	10	HLA-B27:07	1.335e+00	1.171e-02
10	10	HLA-B27:08	3.577e+00	3.281e-02
10	10	HLA-B27:09	2.294e+00	1.097e-02
10	10	HLA-B35:01	1.814e+00	2.629e-02
10	10	HLA-B35:03	4.871e-02	8.119e-03
10	10	HLA-B35:08	6.829e-02	1.138e-02
10	10	HLA-B39:01	1.703e-02	7.742e-04
10	10	HLA-B39:06	3.270e-02	2.515e-03
10	10	HLA-B39:24	9.875e-08	9.875e-08
10	10	HLA-B40:01	3.435e-01	2.545e-03
10	10	HLA-B40:02	2.145e+00	6.986e-03
10	10	HLA-B41:01	6.549e-01	4.366e-02
10	10	HLA-B41:02	8.535e-02	4.268e-02
10	10	HLA-B41:03	1.426e-02	2.852e-03
10	10	HLA-B41:04	8.169e-03	8.169e-03
10	10	HLA-B41:05	5.020e-08	5.020e-08
10	10	HLA-B44:02	1.228e+00	4.449e-03
10	10	HLA-B44:03	3.042e-01	1.102e-03
10	10	HLA-B44:05	1.336e-03	1.336e-03
10	10	HLA-B44:08	9.176e-19	9.176e-19
10	10	HLA-B44:09	1.166e-02	2.914e-03
10	10	HLA-B44:27	9.893e-03	1.099e-03
10	10	HLA-B44:28	2.877e-03	4.110e-04
10	10	HLA-B45:01	1.117e-01	7.444e-03
10	10	HLA-B46:01	2.136e-03	3.095e-05
10	10	HLA-B49:01	1.865e-01	3.730e-02
10	10	HLA-B50:01	2.793e-01	1.215e-02
10	10	HLA-B51:01	1.127e-01	2.127e-03
10	10	HLA-B51:08	1.155e-03	2.887e-04
10	10	HLA-B54:01	3.223e-01	1.151e-02
10	10	HLA-B56:01	1.528e-01	5.458e-03
10	10	HLA-B57:01	5.141e+00	6.474e-03
10	10	HLA-B57:03	5.052e-01	1.760e-03
10	10	HLA-B58:01	2.648e-02	1.267e-04
10	10	HLA-B73:01	6.474e-01	9.249e-02
10	10	HLA-C01:02	1.756e-03	3.135e-05
10	10	HLA-C02:02	2.608e-02	7.245e-04
10	10	HLA-C03:03	8.057e-04	5.755e-05
10	10	HLA-C03:04	1.275e-01	3.863e-03
10	10	HLA-C04:01	2.202e-01	7.104e-03
10	10	HLA-C05:01	2.821e+00	2.239e-02
10	10	HLA-C06:02	1.905e+00	8.657e-02
10	10	HLA-C07:01	8.211e-07	1.642e-07
10	10	HLA-C07:02	1.102e+00	5.009e-02
10	10	HLA-C08:02	1.294e-01	2.310e-03
10	10	HLA-C12:03	3.527e-03	3.207e-04
10	10	HLA-C14:02	2.453e-02	3.505e-04
10	10	HLA-C15:02	1.189e-03	1.081e-04
10	10	HLA-C16:01	3.503e-01	1.347e-02
10	10	HLA-C17:01	4.634e-04	5.149e-05
11	1	HLA-A01:01	6.478e+00	2.501e-02
11	1	HLA-A02:01	5.866e+00	1.822e-02
11	1	HLA-A02:03	4.436e-05	2.609e-06
11	1	HLA-A02:04	1.181e+00	2.460e-02
11	1	HLA-A02:05	7.335e-02	1.048e-02
11	1	HLA-A02:07	2.705e-02	3.469e-04
11	1	HLA-A03:01	1.245e+00	9.151e-03
11	1	HLA-A03:02	6.539e-02	3.270e-02
11	1	HLA-A11:01	1.537e-01	1.493e-03
11	1	HLA-A24:02	3.452e-01	1.886e-03
11	1	HLA-A24:06	1.248e-02	8.319e-04
11	1	HLA-A24:13	1.841e-03	2.630e-04
11	1	HLA-A26:01	2.096e-05	5.240e-06
11	1	HLA-A29:02	2.888e+00	3.208e-02
11	1	HLA-A30:01	8.796e-01	4.398e-01
11	1	HLA-A31:01	4.428e+00	4.385e-02
11	1	HLA-A32:01	1.088e-04	7.775e-06
11	1	HLA-A66:02	8.561e-04	8.561e-04
11	1	HLA-A68:02	3.177e+00	6.354e-02
11	1	HLA-B07:02	2.521e+00	9.337e-03
11	1	HLA-B08:01	4.264e+00	9.917e-02
11	1	HLA-B13:01	1.463e+00	4.877e-01
11	1	HLA-B14:02	3.923e-11	3.923e-11
11	1	HLA-B15:01	1.837e+00	1.233e-02
11	1	HLA-B15:02	1.668e+00	3.706e-02
11	1	HLA-B15:18	7.100e-02	7.100e-02
11	1	HLA-B18:01	1.090e-11	2.726e-12
11	1	HLA-B27:01	6.147e-04	5.122e-06
11	1	HLA-B27:02	5.671e-04	4.765e-06
11	1	HLA-B27:03	3.308e-06	1.141e-07
11	1	HLA-B27:04	1.507e-04	4.860e-06
11	1	HLA-B27:05	1.161e-03	8.235e-06
11	1	HLA-B27:06	1.019e-05	3.398e-07
11	1	HLA-B27:07	1.365e-04	2.037e-06
11	1	HLA-B27:08	8.780e-01	1.058e-02
11	1	HLA-B27:09	2.464e+00	1.799e-02
11	1	HLA-B35:01	3.228e+00	5.764e-02
11	1	HLA-B35:02	2.335e-11	2.335e-11
11	1	HLA-B35:03	2.989e-04	7.472e-05
11	1	HLA-B35:08	2.673e-03	3.819e-04
11	1	HLA-B39:01	8.907e-05	4.454e-06
11	1	HLA-B39:06	2.709e-04	2.084e-05
11	1	HLA-B40:01	1.301e-02	1.342e-04
11	1	HLA-B40:02	2.367e-02	1.835e-04
11	1	HLA-B41:01	2.212e-04	2.458e-05
11	1	HLA-B41:02	1.135e-04	1.135e-04
11	1	HLA-B41:03	2.538e-06	1.269e-06
11	1	HLA-B41:04	6.174e-02	1.029e-02
11	1	HLA-B41:05	3.953e-03	1.318e-03
11	1	HLA-B42:01	4.908e-05	4.908e-05
11	1	HLA-B44:02	5.311e-01	3.319e-03
11	1	HLA-B44:03	4.712e-02	3.624e-04
11	1	HLA-B44:08	4.545e-02	2.272e-02
11	1	HLA-B44:09	4.753e-02	4.753e-03
11	1	HLA-B44:27	4.651e-02	4.228e-03
11	1	HLA-B44:28	1.447e-02	2.412e-03
11	1	HLA-B45:01	9.691e-03	1.615e-03
11	1	HLA-B46:01	1.486e-01	8.254e-03
11	1	HLA-B47:01	6.707e-07	6.707e-07
11	1	HLA-B49:01	4.577e-17	4.577e-17
11	1	HLA-B50:01	9.684e-04	1.383e-04
11	1	HLA-B51:01	1.372e+00	7.220e-02
11	1	HLA-B51:08	5.065e-05	2.532e-05
11	1	HLA-B54:01	5.902e-02	1.904e-03
11	1	HLA-B56:01	6.669e-04	3.176e-05
11	1	HLA-B57:01	2.669e+01	3.667e-02
11	1	HLA-B57:03	4.837e+00	2.629e-02
11	1	HLA-B58:01	7.199e+00	5.669e-02
11	1	HLA-B73:01	7.623e-07	1.906e-07
11	1	HLA-C01:02	1.676e+00	1.289e-01
11	1	HLA-C02:02	4.192e-05	2.994e-06
11	1	HLA-C03:03	7.006e-08	1.168e-08
11	1	HLA-C03:04	3.253e-04	1.712e-05
11	1	HLA-C04:01	1.837e-10	1.670e-11
11	1	HLA-C05:01	1.764e-04	2.714e-06
11	1	HLA-C06:02	2.429e+00	1.868e-01
11	1	HLA-C07:01	4.295e-02	1.074e-02
11	1	HLA-C07:02	3.356e-03	2.097e-04
11	1	HLA-C08:02	2.574e-08	1.072e-09
11	1	HLA-C14:02	9.620e-05	1.374e-05
11	1	HLA-C15:02	1.429e-03	4.762e-04
11	1	HLA-C16:01	1.420e+00	1.092e-01
11	1	HLA-C17:01	2.418e-02	3.022e-03
11	2	HLA-A01:01	6.950e+00	2.683e-02
11	2	HLA-A02:01	4.700e+00	1.460e-02
11	2	HLA-A02:03	1.501e-06	8.827e-08
11	2	HLA-A02:04	4.402e-02	9.171e-04
11	2	HLA-A02:05	2.366e-02	3.379e-03
11	2	HLA-A02:07	2.619e-02	3.358e-04
11	2	HLA-A03:01	1.468e+00	1.079e-02
11	2	HLA-A03:02	3.215e-02	1.608e-02
11	2	HLA-A11:01	5.022e-01	4.875e-03
11	2	HLA-A24:02	7.270e-01	3.973e-03
11	2	HLA-A24:06	1.003e-02	6.690e-04
11	2	HLA-A24:13	1.236e-03	1.766e-04
11	2	HLA-A26:01	1.209e-05	3.024e-06
11	2	HLA-A29:02	2.591e+00	2.879e-02
11	2	HLA-A30:01	5.046e-01	2.523e-01
11	2	HLA-A31:01	4.075e+00	4.035e-02
11	2	HLA-A32:01	7.497e-03	5.355e-04
11	2	HLA-A66:02	7.949e-04	7.949e-04
11	2	HLA-A68:02	1.559e+00	3.118e-02
11	2	HLA-B07:02	3.217e+00	1.191e-02
11	2	HLA-B08:01	4.193e+00	9.750e-02
11	2	HLA-B13:01	4.301e-02	1.434e-02
11	2	HLA-B14:02	3.212e-10	3.212e-10
11	2	HLA-B15:01	1.397e+00	9.378e-03
11	2	HLA-B15:02	3.176e+00	7.057e-02
11	2	HLA-B15:18	1.260e-02	1.260e-02
11	2	HLA-B18:01	4.797e-10	1.199e-10
11	2	HLA-B27:01	3.524e-03	2.937e-05
11	2	HLA-B27:02	1.031e-03	8.665e-06
11	2	HLA-B27:03	5.586e-05	1.926e-06
11	2	HLA-B27:04	3.968e-04	1.280e-05
11	2	HLA-B27:05	3.664e-03	2.599e-05
11	2	HLA-B27:06	1.018e-05	3.394e-07
11	2	HLA-B27:07	3.521e-04	5.255e-06
11	2	HLA-B27:08	2.188e-01	2.636e-03
11	2	HLA-B27:09	1.506e+00	1.099e-02
11	2	HLA-B35:01	4.264e+00	7.614e-02
11	2	HLA-B35:02	2.335e-11	2.335e-11
11	2	HLA-B35:03	9.452e-04	2.363e-04
11	2	HLA-B35:08	4.159e-03	5.941e-04
11	2	HLA-B39:01	5.036e-05	2.518e-06
11	2	HLA-B39:06	3.165e-04	2.435e-05
11	2	HLA-B40:01	2.464e-02	2.540e-04
11	2	HLA-B40:02	1.996e-02	1.547e-04
11	2	HLA-B41:01	4.378e-03	4.864e-04
11	2	HLA-B41:02	6.491e-06	6.491e-06
11	2	HLA-B41:03	8.730e-07	4.365e-07
11	2	HLA-B41:04	3.190e-01	5.317e-02
11	2	HLA-B41:05	1.412e-03	4.708e-04
11	2	HLA-B42:01	1.514e-06	1.514e-06
11	2	HLA-B44:02	1.472e+00	9.198e-03
11	2	HLA-B44:03	1.101e-01	8.470e-04
11	2	HLA-B44:08	2.374e-02	1.187e-02
11	2	HLA-B44:09	3.147e-02	3.147e-03
11	2	HLA-B44:27	5.831e-02	5.301e-03
11	2	HLA-B44:28	6.322e-02	1.054e-02
11	2	HLA-B45:01	4.382e-02	7.304e-03
11	2	HLA-B46:01	3.783e-01	2.101e-02
11	2	HLA-B47:01	1.644e-04	1.644e-04
11	2	HLA-B49:01	3.825e-14	3.825e-14
11	2	HLA-B50:01	9.094e-03	1.299e-03
11	2	HLA-B51:01	1.386e+00	7.296e-02
11	2	HLA-B51:08	1.105e-03	5.524e-04
11	2	HLA-B54:01	3.362e-02	1.084e-03
11	2	HLA-B56:01	3.675e-04	1.750e-05
11	2	HLA-B57:01	3.273e+01	4.496e-02
11	2	HLA-B57:03	5.778e+00	3.140e-02
11	2	HLA-B58:01	4.889e+00	3.849e-02
11	2	HLA-B73:01	4.573e-07	1.143e-07
11	2	HLA-C01:02	3.571e-01	2.747e-02
11	2	HLA-C02:02	4.088e-03	2.920e-04
11	2	HLA-C03:03	2.739e-05	4.565e-06
11	2	HLA-C03:04	9.109e-03	4.794e-04
11	2	HLA-C04:01	1.182e-05	1.074e-06
11	2	HLA-C05:01	2.787e-01	4.288e-03
11	2	HLA-C06:02	1.417e-01	1.090e-02
11	2	HLA-C07:01	2.428e-02	6.069e-03
11	2	HLA-C07:02	1.845e-02	1.153e-03
11	2	HLA-C08:02	3.659e-03	1.525e-04
11	2	HLA-C14:02	1.125e-02	1.607e-03
11	2	HLA-C15:02	8.138e-03	2.713e-03
11	2	HLA-C16:01	1.918e-01	1.475e-02
11	2	HLA-C17:01	6.885e-01	8.606e-02
11	3	HLA-A01:01	2.045e+01	7.894e-02
11	3	HLA-A02:01	2.712e+01	8.424e-02
11	3	HLA-A02:03	4.651e-01	2.736e-02
11	3	HLA-A02:04	2.124e+00	4.425e-02
11	3	HLA-A02:05	2.004e-01	2.862e-02
11	3	HLA-A02:07	4.831e-01	6.194e-03
11	3	HLA-A03:01	1.308e+01	9.621e-02
11	3	HLA-A03:02	3.225e-01	1.613e-01
11	3	HLA-A11:01	9.779e+00	9.494e-02
11	3	HLA-A24:02	2.009e+01	1.098e-01
11	3	HLA-A24:06	1.281e+00	8.541e-02
11	3	HLA-A24:13	5.214e-01	7.449e-02
11	3	HLA-A26:01	9.110e-02	2.278e-02
11	3	HLA-A29:02	1.108e+01	1.231e-01
11	3	HLA-A30:01	6.096e-01	3.048e-01
11	3	HLA-A31:01	9.702e+00	9.606e-02
11	3	HLA-A32:01	1.904e-01	1.360e-02
11	3	HLA-A66:02	2.691e-02	2.691e-02
11	3	HLA-A68:02	3.415e+00	6.830e-02
11	3	HLA-B07:02	2.789e+01	1.033e-01
11	3	HLA-B08:01	3.667e+00	8.528e-02
11	3	HLA-B13:01	1.556e-01	5.187e-02
11	3	HLA-B14:02	4.084e-02	4.084e-02
11	3	HLA-B15:01	1.037e+01	6.960e-02
11	3	HLA-B15:02	4.086e+00	9.080e-02
11	3	HLA-B15:18	9.066e-02	9.066e-02
11	3	HLA-B18:01	1.488e+00	3.721e-01
11	3	HLA-B27:01	1.072e+01	8.930e-02
11	3	HLA-B27:02	1.158e+01	9.734e-02
11	3	HLA-B27:03	1.166e+00	4.022e-02
11	3	HLA-B27:04	1.955e+00	6.306e-02
11	3	HLA-B27:05	9.322e+00	6.612e-02
11	3	HLA-B27:06	3.035e+00	1.012e-01
11	3	HLA-B27:07	5.120e+00	7.642e-02
11	3	HLA-B27:08	7.882e+00	9.497e-02
11	3	HLA-B27:09	1.262e+01	9.209e-02
11	3	HLA-B35:01	7.943e+00	1.418e-01
11	3	HLA-B35:02	1.899e-01	1.899e-01
11	3	HLA-B35:03	3.424e-01	8.560e-02
11	3	HLA-B35:08	3.450e-01	4.928e-02
11	3	HLA-B39:01	1.511e+00	7.556e-02
11	3	HLA-B39:06	1.070e+00	8.233e-02
11	3	HLA-B40:01	1.162e+01	1.198e-01
11	3	HLA-B40:02	1.440e+01	1.117e-01
11	3	HLA-B41:01	1.353e+00	1.504e-01
11	3	HLA-B41:02	1.095e-01	1.095e-01
11	3	HLA-B41:03	6.012e-02	3.006e-02
11	3	HLA-B41:04	6.467e-01	1.078e-01
11	3	HLA-B41:05	2.078e-01	6.928e-02
11	3	HLA-B42:01	9.136e-02	9.136e-02
11	3	HLA-B44:02	2.083e+01	1.302e-01
11	3	HLA-B44:03	1.759e+01	1.353e-01
11	3	HLA-B44:08	1.632e-01	8.158e-02
11	3	HLA-B44:09	1.067e+00	1.067e-01
11	3	HLA-B44:27	1.622e+00	1.475e-01
11	3	HLA-B44:28	8.211e-01	1.368e-01
11	3	HLA-B45:01	7.863e-01	1.311e-01
11	3	HLA-B46:01	1.897e+00	1.054e-01
11	3	HLA-B47:01	1.379e-01	1.379e-01
11	3	HLA-B49:01	9.291e-02	9.291e-02
11	3	HLA-B50:01	8.747e-01	1.250e-01
11	3	HLA-B51:01	6.093e-01	3.207e-02
11	3	HLA-B51:08	2.677e-01	1.338e-01
11	3	HLA-B54:01	1.900e+00	6.128e-02
11	3	HLA-B56:01	2.438e+00	1.161e-01
11	3	HLA-B57:01	8.108e+01	1.114e-01
11	3	HLA-B57:03	1.600e+01	8.698e-02
11	3	HLA-B58:01	1.396e+01	1.100e-01
11	3	HLA-B73:01	4.823e-01	1.206e-01
11	3	HLA-C01:02	3.294e-02	2.534e-03
11	3	HLA-C02:02	2.084e+00	1.488e-01
11	3	HLA-C03:03	2.348e-01	3.913e-02
11	3	HLA-C03:04	1.303e+00	6.856e-02
11	3	HLA-C04:01	2.501e-02	2.273e-03
11	3	HLA-C05:01	3.821e-01	5.879e-03
11	3	HLA-C06:02	5.281e-02	4.063e-03
11	3	HLA-C07:01	5.569e-01	1.392e-01
11	3	HLA-C07:02	1.626e+00	1.016e-01
11	3	HLA-C08:02	3.272e-03	1.363e-04
11	3	HLA-C14:02	4.848e-01	6.926e-02
11	3	HLA-C15:02	4.001e-02	1.334e-02
11	3	HLA-C16:01	9.103e-01	7.002e-02
11	3	HLA-C17:01	1.340e+00	1.675e-01
11	4	HLA-A01:01	3.706e+01	1.431e-01
11	4	HLA-A02:01	3.139e+01	9.747e-02
11	4	HLA-A02:03	1.577e+00	9.277e-02
11	4	HLA-A02:04	4.014e+00	8.363e-02
11	4	HLA-A02:05	6.250e-01	8.929e-02
11	4	HLA-A02:07	7.476e+00	9.584e-02
11	4	HLA-A03:01	2.178e+01	1.602e-01
11	4	HLA-A03:02	3.802e-01	1.901e-01
11	4	HLA-A11:01	1.446e+01	1.404e-01
11	4	HLA-A24:02	2.419e+01	1.322e-01
11	4	HLA-A24:06	1.643e+00	1.095e-01
11	4	HLA-A24:13	1.116e+00	1.594e-01
11	4	HLA-A26:01	3.011e-01	7.528e-02
11	4	HLA-A29:02	1.441e+01	1.601e-01
11	4	HLA-A30:01	1.250e-03	6.249e-04
11	4	HLA-A31:01	1.329e+01	1.315e-01
11	4	HLA-A32:01	1.349e+00	9.634e-02
11	4	HLA-A66:02	6.000e-02	6.000e-02
11	4	HLA-A68:02	6.290e+00	1.258e-01
11	4	HLA-B07:02	3.695e+01	1.368e-01
11	4	HLA-B08:01	3.654e+00	8.497e-02
11	4	HLA-B13:01	1.887e-01	6.288e-02
11	4	HLA-B14:02	4.867e-02	4.867e-02
11	4	HLA-B15:01	1.890e+01	1.268e-01
11	4	HLA-B15:02	5.325e+00	1.183e-01
11	4	HLA-B15:18	4.020e-02	4.020e-02
11	4	HLA-B18:01	5.177e-01	1.294e-01
11	4	HLA-B27:01	1.898e+01	1.581e-01
11	4	HLA-B27:02	1.899e+01	1.595e-01
11	4	HLA-B27:03	4.895e+00	1.688e-01
11	4	HLA-B27:04	4.988e+00	1.609e-01
11	4	HLA-B27:05	2.092e+01	1.483e-01
11	4	HLA-B27:06	4.904e+00	1.635e-01
11	4	HLA-B27:07	9.393e+00	1.402e-01
11	4	HLA-B27:08	1.451e+01	1.748e-01
11	4	HLA-B27:09	2.421e+01	1.767e-01
11	4	HLA-B35:01	8.922e+00	1.593e-01
11	4	HLA-B35:02	1.202e-01	1.202e-01
11	4	HLA-B35:03	5.565e-01	1.391e-01
11	4	HLA-B35:08	1.370e+00	1.957e-01
11	4	HLA-B39:01	2.780e+00	1.390e-01
11	4	HLA-B39:06	1.882e+00	1.448e-01
11	4	HLA-B40:01	1.504e+01	1.550e-01
11	4	HLA-B40:02	1.829e+01	1.418e-01
11	4	HLA-B41:01	1.319e+00	1.466e-01
11	4	HLA-B41:02	2.023e-01	2.023e-01
11	4	HLA-B41:03	1.770e-01	8.852e-02
11	4	HLA-B41:04	1.094e+00	1.824e-01
11	4	HLA-B41:05	2.316e-01	7.720e-02
11	4	HLA-B42:01	4.897e-02	4.897e-02
11	4	HLA-B44:02	2.231e+01	1.395e-01
11	4	HLA-B44:03	1.846e+01	1.420e-01
11	4	HLA-B44:08	2.207e-01	1.103e-01
11	4	HLA-B44:09	1.717e+00	1.717e-01
11	4	HLA-B44:27	1.679e+00	1.527e-01
11	4	HLA-B44:28	8.038e-01	1.340e-01
11	4	HLA-B45:01	8.935e-01	1.489e-01
11	4	HLA-B46:01	3.057e+00	1.699e-01
11	4	HLA-B47:01	1.605e-01	1.605e-01
11	4	HLA-B49:01	1.685e-01	1.685e-01
11	4	HLA-B50:01	1.268e+00	1.811e-01
11	4	HLA-B51:01	1.642e+00	8.642e-02
11	4	HLA-B51:08	3.993e-01	1.997e-01
11	4	HLA-B54:01	3.989e+00	1.287e-01
11	4	HLA-B56:01	2.873e+00	1.368e-01
11	4	HLA-B57:01	9.309e+01	1.279e-01
11	4	HLA-B57:03	2.453e+01	1.333e-01
11	4	HLA-B58:01	1.880e+01	1.480e-01
11	4	HLA-B73:01	9.233e-01	2.308e-01
11	4	HLA-C01:02	1.082e+00	8.323e-02
11	4	HLA-C02:02	1.706e+00	1.218e-01
11	4	HLA-C03:03	1.987e-01	3.312e-02
11	4	HLA-C03:04	8.781e-01	4.622e-02
11	4	HLA-C04:01	1.262e+00	1.148e-01
11	4	HLA-C05:01	5.470e+00	8.416e-02
11	4	HLA-C06:02	1.167e+00	8.980e-02
11	4	HLA-C07:01	3.457e-01	8.643e-02
11	4	HLA-C07:02	5.270e-01	3.294e-02
11	4	HLA-C08:02	4.344e+00	1.810e-01
11	4	HLA-C14:02	9.579e-01	1.368e-01
11	4	HLA-C15:02	1.736e-02	5.788e-03
11	4	HLA-C16:01	5.961e-01	4.585e-02
11	4	HLA-C17:01	1.436e+00	1.795e-01
11	5	HLA-A01:01	3.883e+01	1.499e-01
11	5	HLA-A02:01	5.219e+01	1.621e-01
11	5	HLA-A02:03	4.983e+00	2.931e-01
11	5	HLA-A02:04	9.607e+00	2.002e-01
11	5	HLA-A02:05	9.891e-01	1.413e-01
11	5	HLA-A02:07	1.436e+01	1.841e-01
11	5	HLA-A03:01	2.533e+01	1.862e-01
11	5	HLA-A03:02	3.771e-01	1.886e-01
11	5	HLA-A11:01	1.757e+01	1.706e-01
11	5	HLA-A24:02	2.791e+01	1.525e-01
11	5	HLA-A24:06	1.975e+00	1.316e-01
11	5	HLA-A24:13	1.624e+00	2.320e-01
11	5	HLA-A26:01	3.951e-01	9.878e-02
11	5	HLA-A29:02	1.134e+01	1.260e-01
11	5	HLA-A30:01	2.182e-03	1.091e-03
11	5	HLA-A31:01	1.479e+01	1.464e-01
11	5	HLA-A32:01	2.437e+00	1.741e-01
11	5	HLA-A66:02	1.383e-01	1.383e-01
11	5	HLA-A68:02	7.284e+00	1.457e-01
11	5	HLA-B07:02	3.983e+01	1.475e-01
11	5	HLA-B08:01	5.753e+00	1.338e-01
11	5	HLA-B13:01	2.681e-01	8.935e-02
11	5	HLA-B14:02	2.135e-02	2.135e-02
11	5	HLA-B15:01	2.250e+01	1.510e-01
11	5	HLA-B15:02	5.904e+00	1.312e-01
11	5	HLA-B15:18	2.031e-02	2.031e-02
11	5	HLA-B18:01	4.443e-01	1.111e-01
11	5	HLA-B27:01	1.901e+01	1.584e-01
11	5	HLA-B27:02	1.815e+01	1.526e-01
11	5	HLA-B27:03	4.333e+00	1.494e-01
11	5	HLA-B27:04	4.040e+00	1.303e-01
11	5	HLA-B27:05	2.317e+01	1.644e-01
11	5	HLA-B27:06	4.487e+00	1.496e-01
11	5	HLA-B27:07	9.049e+00	1.351e-01
11	5	HLA-B27:08	1.384e+01	1.668e-01
11	5	HLA-B27:09	2.175e+01	1.587e-01
11	5	HLA-B35:01	6.628e+00	1.184e-01
11	5	HLA-B35:02	1.281e-01	1.281e-01
11	5	HLA-B35:03	4.353e-01	1.088e-01
11	5	HLA-B35:08	1.699e+00	2.427e-01
11	5	HLA-B39:01	3.068e+00	1.534e-01
11	5	HLA-B39:06	2.199e+00	1.691e-01
11	5	HLA-B40:01	1.498e+01	1.544e-01
11	5	HLA-B40:02	1.980e+01	1.535e-01
11	5	HLA-B41:01	1.424e+00	1.582e-01
11	5	HLA-B41:02	1.321e-01	1.321e-01
11	5	HLA-B41:03	1.057e-01	5.286e-02
11	5	HLA-B41:04	7.600e-01	1.267e-01
11	5	HLA-B41:05	2.000e-01	6.667e-02
11	5	HLA-B42:01	1.200e-01	1.200e-01
11	5	HLA-B44:02	2.383e+01	1.489e-01
11	5	HLA-B44:03	1.925e+01	1.481e-01
11	5	HLA-B44:08	3.592e-01	1.796e-01
11	5	HLA-B44:09	1.463e+00	1.463e-01
11	5	HLA-B44:27	1.601e+00	1.455e-01
11	5	HLA-B44:28	8.664e-01	1.444e-01
11	5	HLA-B45:01	1.160e+00	1.934e-01
11	5	HLA-B46:01	2.890e+00	1.606e-01
11	5	HLA-B47:01	1.323e-01	1.323e-01
11	5	HLA-B49:01	1.591e-01	1.591e-01
11	5	HLA-B50:01	1.203e+00	1.719e-01
11	5	HLA-B51:01	3.200e+00	1.684e-01
11	5	HLA-B51:08	4.389e-01	2.194e-01
11	5	HLA-B54:01	4.983e+00	1.607e-01
11	5	HLA-B56:01	3.077e+00	1.465e-01
11	5	HLA-B57:01	1.002e+02	1.377e-01
11	5	HLA-B57:03	2.858e+01	1.553e-01
11	5	HLA-B58:01	1.725e+01	1.359e-01
11	5	HLA-B73:01	4.711e-01	1.178e-01
11	5	HLA-C01:02	2.735e+00	2.104e-01
11	5	HLA-C02:02	2.728e+00	1.949e-01
11	5	HLA-C03:03	2.206e-01	3.677e-02
11	5	HLA-C03:04	3.103e+00	1.633e-01
11	5	HLA-C04:01	2.988e+00	2.716e-01
11	5	HLA-C05:01	1.103e+01	1.696e-01
11	5	HLA-C06:02	1.369e+00	1.053e-01
11	5	HLA-C07:01	5.532e-01	1.383e-01
11	5	HLA-C07:02	2.683e+00	1.677e-01
11	5	HLA-C08:02	2.704e+00	1.127e-01
11	5	HLA-C14:02	2.095e+00	2.993e-01
11	5	HLA-C15:02	1.478e+00	4.925e-01
11	5	HLA-C16:01	1.852e+00	1.424e-01
11	5	HLA-C17:01	1.207e+00	1.509e-01
11	6	HLA-A01:01	3.775e+01	1.457e-01
11	6	HLA-A02:01	5.420e+01	1.683e-01
11	6	HLA-A02:03	4.214e+00	2.479e-01
11	6	HLA-A02:04	9.480e+00	1.975e-01
11	6	HLA-A02:05	1.412e+00	2.017e-01
11	6	HLA-A02:07	1.754e+01	2.249e-01
11	6	HLA-A03:01	2.318e+01	1.704e-01
11	6	HLA-A03:02	3.370e-01	1.685e-01
11	6	HLA-A11:01	2.001e+01	1.943e-01
11	6	HLA-A24:02	2.973e+01	1.624e-01
11	6	HLA-A24:06	1.949e+00	1.299e-01
11	6	HLA-A24:13	1.402e+00	2.003e-01
11	6	HLA-A26:01	4.889e-01	1.222e-01
11	6	HLA-A29:02	1.155e+01	1.284e-01
11	6	HLA-A30:01	6.508e-04	3.254e-04
11	6	HLA-A31:01	1.399e+01	1.386e-01
11	6	HLA-A32:01	2.569e+00	1.835e-01
11	6	HLA-A66:02	1.442e-01	1.442e-01
11	6	HLA-A68:02	7.843e+00	1.569e-01
11	6	HLA-B07:02	3.842e+01	1.423e-01
11	6	HLA-B08:01	8.061e+00	1.875e-01
11	6	HLA-B13:01	3.858e-01	1.286e-01
11	6	HLA-B14:02	3.892e-01	3.892e-01
11	6	HLA-B15:01	2.794e+01	1.875e-01
11	6	HLA-B15:02	5.689e+00	1.264e-01
11	6	HLA-B15:18	1.879e-01	1.879e-01
11	6	HLA-B18:01	2.786e-01	6.965e-02
11	6	HLA-B27:01	1.934e+01	1.611e-01
11	6	HLA-B27:02	1.879e+01	1.579e-01
11	6	HLA-B27:03	4.425e+00	1.526e-01
11	6	HLA-B27:04	4.768e+00	1.538e-01
11	6	HLA-B27:05	2.377e+01	1.686e-01
11	6	HLA-B27:06	4.118e+00	1.373e-01
11	6	HLA-B27:07	9.859e+00	1.471e-01
11	6	HLA-B27:08	1.234e+01	1.486e-01
11	6	HLA-B27:09	2.022e+01	1.476e-01
11	6	HLA-B35:01	7.523e+00	1.343e-01
11	6	HLA-B35:02	1.034e-01	1.034e-01
11	6	HLA-B35:03	6.684e-01	1.671e-01
11	6	HLA-B35:08	9.380e-01	1.340e-01
11	6	HLA-B39:01	3.719e+00	1.859e-01
11	6	HLA-B39:06	2.063e+00	1.587e-01
11	6	HLA-B40:01	1.415e+01	1.459e-01
11	6	HLA-B40:02	2.088e+01	1.618e-01
11	6	HLA-B41:01	1.269e+00	1.410e-01
11	6	HLA-B41:02	1.321e-01	1.321e-01
11	6	HLA-B41:03	1.989e-02	9.946e-03
11	6	HLA-B41:04	8.000e-01	1.333e-01
11	6	HLA-B41:05	1.789e-01	5.963e-02
11	6	HLA-B42:01	2.314e-01	2.314e-01
11	6	HLA-B44:02	2.445e+01	1.528e-01
11	6	HLA-B44:03	1.951e+01	1.501e-01
11	6	HLA-B44:08	4.466e-01	2.233e-01
11	6	HLA-B44:09	1.619e+00	1.619e-01
11	6	HLA-B44:27	1.622e+00	1.474e-01
11	6	HLA-B44:28	8.546e-01	1.424e-01
11	6	HLA-B45:01	8.876e-01	1.479e-01
11	6	HLA-B46:01	3.056e+00	1.698e-01
11	6	HLA-B47:01	1.315e-01	1.315e-01
11	6	HLA-B49:01	1.621e-01	1.621e-01
11	6	HLA-B50:01	1.024e+00	1.462e-01
11	6	HLA-B51:01	1.934e+00	1.018e-01
11	6	HLA-B51:08	3.712e-01	1.856e-01
11	6	HLA-B54:01	5.816e+00	1.876e-01
11	6	HLA-B56:01	3.228e+00	1.537e-01
11	6	HLA-B57:01	1.026e+02	1.410e-01
11	6	HLA-B57:03	2.878e+01	1.564e-01
11	6	HLA-B58:01	1.740e+01	1.370e-01
11	6	HLA-B73:01	4.540e-01	1.135e-01
11	6	HLA-C01:02	2.565e+00	1.973e-01
11	6	HLA-C02:02	3.535e+00	2.525e-01
11	6	HLA-C03:03	8.254e-01	1.376e-01
11	6	HLA-C03:04	4.998e+00	2.630e-01
11	6	HLA-C04:01	2.048e+00	1.862e-01
11	6	HLA-C05:01	1.060e+01	1.631e-01
11	6	HLA-C06:02	2.970e+00	2.285e-01
11	6	HLA-C07:01	1.374e+00	3.434e-01
11	6	HLA-C07:02	4.972e+00	3.107e-01
11	6	HLA-C08:02	3.837e+00	1.599e-01
11	6	HLA-C14:02	1.547e+00	2.210e-01
11	6	HLA-C15:02	5.262e-01	1.754e-01
11	6	HLA-C16:01	1.682e+00	1.294e-01
11	6	HLA-C17:01	9.856e-01	1.232e-01
11	7	HLA-A01:01	3.899e+01	1.506e-01
11	7	HLA-A02:01	5.701e+01	1.770e-01
11	7	HLA-A02:03	2.989e+00	1.758e-01
11	7	HLA-A02:04	7.569e+00	1.577e-01
11	7	HLA-A02:05	1.380e+00	1.972e-01
11	7	HLA-A02:07	1.420e+01	1.820e-01
11	7	HLA-A03:01	1.937e+01	1.425e-01
11	7	HLA-A03:02	2.210e-01	1.105e-01
11	7	HLA-A11:01	1.579e+01	1.533e-01
11	7	HLA-A24:02	2.988e+01	1.633e-01
11	7	HLA-A24:06	3.331e+00	2.220e-01
11	7	HLA-A24:13	9.490e-01	1.356e-01
11	7	HLA-A26:01	5.864e-01	1.466e-01
11	7	HLA-A29:02	1.368e+01	1.520e-01
11	7	HLA-A30:01	1.536e-03	7.679e-04
11	7	HLA-A31:01	1.343e+01	1.330e-01
11	7	HLA-A32:01	3.323e+00	2.374e-01
11	7	HLA-A66:02	1.464e-01	1.464e-01
11	7	HLA-A68:02	7.469e+00	1.494e-01
11	7	HLA-B07:02	4.208e+01	1.558e-01
11	7	HLA-B08:01	4.944e+00	1.150e-01
11	7	HLA-B13:01	3.910e-01	1.303e-01
11	7	HLA-B14:02	2.943e-01	2.943e-01
11	7	HLA-B15:01	2.838e+01	1.905e-01
11	7	HLA-B15:02	5.233e+00	1.163e-01
11	7	HLA-B15:18	3.101e-01	3.101e-01
11	7	HLA-B18:01	6.202e-01	1.551e-01
11	7	HLA-B27:01	1.792e+01	1.494e-01
11	7	HLA-B27:02	1.820e+01	1.530e-01
11	7	HLA-B27:03	4.482e+00	1.546e-01
11	7	HLA-B27:04	4.366e+00	1.408e-01
11	7	HLA-B27:05	2.313e+01	1.640e-01
11	7	HLA-B27:06	3.947e+00	1.316e-01
11	7	HLA-B27:07	1.048e+01	1.565e-01
11	7	HLA-B27:08	1.169e+01	1.408e-01
11	7	HLA-B27:09	2.002e+01	1.461e-01
11	7	HLA-B35:01	6.300e+00	1.125e-01
11	7	HLA-B35:02	6.084e-02	6.084e-02
11	7	HLA-B35:03	9.024e-01	2.256e-01
11	7	HLA-B35:08	8.584e-01	1.226e-01
11	7	HLA-B39:01	3.517e+00	1.759e-01
11	7	HLA-B39:06	1.773e+00	1.364e-01
11	7	HLA-B40:01	1.491e+01	1.537e-01
11	7	HLA-B40:02	2.112e+01	1.637e-01
11	7	HLA-B41:01	1.379e+00	1.532e-01
11	7	HLA-B41:02	1.211e-01	1.211e-01
11	7	HLA-B41:03	2.029e-02	1.015e-02
11	7	HLA-B41:04	9.534e-01	1.589e-01
11	7	HLA-B41:05	1.897e-01	6.325e-02
11	7	HLA-B42:01	1.622e-01	1.622e-01
11	7	HLA-B44:02	2.342e+01	1.464e-01
11	7	HLA-B44:03	1.961e+01	1.509e-01
11	7	HLA-B44:08	4.753e-01	2.377e-01
11	7	HLA-B44:09	1.812e+00	1.812e-01
11	7	HLA-B44:27	1.655e+00	1.504e-01
11	7	HLA-B44:28	8.656e-01	1.443e-01
11	7	HLA-B45:01	8.717e-01	1.453e-01
11	7	HLA-B46:01	2.873e+00	1.596e-01
11	7	HLA-B47:01	1.341e-01	1.341e-01
11	7	HLA-B49:01	1.475e-01	1.475e-01
11	7	HLA-B50:01	1.094e+00	1.563e-01
11	7	HLA-B51:01	1.168e+00	6.145e-02
11	7	HLA-B51:08	2.475e-01	1.237e-01
11	7	HLA-B54:01	6.173e+00	1.991e-01
11	7	HLA-B56:01	3.405e+00	1.621e-01
11	7	HLA-B57:01	1.066e+02	1.465e-01
11	7	HLA-B57:03	3.122e+01	1.697e-01
11	7	HLA-B58:01	1.731e+01	1.363e-01
11	7	HLA-B73:01	6.345e-01	1.586e-01
11	7	HLA-C01:02	1.757e+00	1.351e-01
11	7	HLA-C02:02	2.961e+00	2.115e-01
11	7	HLA-C03:03	2.804e+00	4.673e-01
11	7	HLA-C03:04	5.124e+00	2.697e-01
11	7	HLA-C04:01	2.473e+00	2.248e-01
11	7	HLA-C05:01	1.402e+01	2.156e-01
11	7	HLA-C06:02	2.001e+00	1.539e-01
11	7	HLA-C07:01	2.389e-01	5.972e-02
11	7	HLA-C07:02	3.219e+00	2.012e-01
11	7	HLA-C08:02	7.066e+00	2.944e-01
11	7	HLA-C14:02	1.025e+00	1.464e-01
11	7	HLA-C15:02	7.857e-01	2.619e-01
11	7	HLA-C16:01	2.705e+00	2.081e-01
11	7	HLA-C17:01	1.167e+00	1.459e-01
11	8	HLA-A01:01	3.992e+01	1.541e-01
11	8	HLA-A02:01	4.266e+01	1.325e-01
11	8	HLA-A02:03	1.902e+00	1.119e-01
11	8	HLA-A02:04	6.625e+00	1.380e-01
11	8	HLA-A02:05	1.640e+00	2.342e-01
11	8	HLA-A02:07	1.092e+01	1.401e-01
11	8	HLA-A03:01	1.558e+01	1.146e-01
11	8	HLA-A03:02	1.829e-01	9.144e-02
11	8	HLA-A11:01	1.299e+01	1.262e-01
11	8	HLA-A24:02	2.586e+01	1.413e-01
11	8	HLA-A24:06	2.853e+00	1.902e-01
11	8	HLA-A24:13	8.071e-01	1.153e-01
11	8	HLA-A26:01	6.544e-01	1.636e-01
11	8	HLA-A29:02	1.172e+01	1.302e-01
11	8	HLA-A30:01	2.582e-04	1.291e-04
11	8	HLA-A31:01	1.409e+01	1.395e-01
11	8	HLA-A32:01	2.120e+00	1.515e-01
11	8	HLA-A66:02	1.631e-01	1.631e-01
11	8	HLA-A68:02	5.976e+00	1.195e-01
11	8	HLA-B07:02	3.825e+01	1.417e-01
11	8	HLA-B08:01	3.731e+00	8.676e-02
11	8	HLA-B13:01	8.387e-02	2.796e-02
11	8	HLA-B14:02	2.049e-01	2.049e-01
11	8	HLA-B15:01	2.044e+01	1.372e-01
11	8	HLA-B15:02	6.180e+00	1.373e-01
11	8	HLA-B15:18	2.552e-01	2.552e-01
11	8	HLA-B18:01	3.067e-01	7.667e-02
11	8	HLA-B27:01	1.541e+01	1.284e-01
11	8	HLA-B27:02	1.633e+01	1.372e-01
11	8	HLA-B27:03	5.033e+00	1.736e-01
11	8	HLA-B27:04	3.663e+00	1.182e-01
11	8	HLA-B27:05	1.946e+01	1.380e-01
11	8	HLA-B27:06	3.980e+00	1.327e-01
11	8	HLA-B27:07	1.057e+01	1.578e-01
11	8	HLA-B27:08	9.798e+00	1.181e-01
11	8	HLA-B27:09	1.690e+01	1.234e-01
11	8	HLA-B35:01	5.762e+00	1.029e-01
11	8	HLA-B35:02	3.517e-01	3.517e-01
11	8	HLA-B35:03	5.035e-01	1.259e-01
11	8	HLA-B35:08	8.645e-01	1.235e-01
11	8	HLA-B39:01	3.399e+00	1.699e-01
11	8	HLA-B39:06	2.585e+00	1.989e-01
11	8	HLA-B40:01	1.462e+01	1.507e-01
11	8	HLA-B40:02	1.813e+01	1.405e-01
11	8	HLA-B41:01	1.322e+00	1.469e-01
11	8	HLA-B41:02	1.199e-01	1.199e-01
11	8	HLA-B41:03	2.682e-02	1.341e-02
11	8	HLA-B41:04	7.849e-01	1.308e-01
11	8	HLA-B41:05	2.336e-01	7.786e-02
11	8	HLA-B42:01	2.271e-01	2.271e-01
11	8	HLA-B44:02	2.293e+01	1.433e-01
11	8	HLA-B44:03	1.863e+01	1.433e-01
11	8	HLA-B44:08	2.407e-01	1.204e-01
11	8	HLA-B44:09	1.199e+00	1.199e-01
11	8	HLA-B44:27	1.453e+00	1.321e-01
11	8	HLA-B44:28	8.670e-01	1.445e-01
11	8	HLA-B45:01	8.267e-01	1.378e-01
11	8	HLA-B46:01	2.153e+00	1.196e-01
11	8	HLA-B47:01	1.452e-01	1.452e-01
11	8	HLA-B49:01	1.682e-01	1.682e-01
11	8	HLA-B50:01	9.285e-01	1.326e-01
11	8	HLA-B51:01	1.469e+00	7.734e-02
11	8	HLA-B51:08	2.435e-01	1.217e-01
11	8	HLA-B54:01	4.955e+00	1.598e-01
11	8	HLA-B56:01	3.315e+00	1.579e-01
11	8	HLA-B57:01	9.553e+01	1.312e-01
11	8	HLA-B57:03	2.476e+01	1.345e-01
11	8	HLA-B58:01	1.648e+01	1.298e-01
11	8	HLA-B73:01	6.060e-01	1.515e-01
11	8	HLA-C01:02	1.402e+00	1.078e-01
11	8	HLA-C02:02	4.576e-01	3.269e-02
11	8	HLA-C03:03	1.053e+00	1.755e-01
11	8	HLA-C03:04	2.693e+00	1.417e-01
11	8	HLA-C04:01	8.206e-01	7.460e-02
11	8	HLA-C05:01	1.278e+01	1.966e-01
11	8	HLA-C06:02	1.664e+00	1.280e-01
11	8	HLA-C07:01	2.753e-01	6.883e-02
11	8	HLA-C07:02	2.282e+00	1.426e-01
11	8	HLA-C08:02	3.602e+00	1.501e-01
11	8	HLA-C14:02	5.241e-01	7.486e-02
11	8	HLA-C15:02	1.144e-01	3.813e-02
11	8	HLA-C16:01	1.529e+00	1.176e-01
11	8	HLA-C17:01	6.248e-01	7.810e-02
11	9	HLA-A01:01	3.198e+01	1.235e-01
11	9	HLA-A02:01	3.518e+01	1.093e-01
11	9	HLA-A02:03	8.694e-01	5.114e-02
11	9	HLA-A02:04	5.340e+00	1.113e-01
11	9	HLA-A02:05	5.232e-01	7.475e-02
11	9	HLA-A02:07	1.083e+01	1.388e-01
11	9	HLA-A03:01	1.385e+01	1.019e-01
11	9	HLA-A03:02	8.169e-02	4.084e-02
11	9	HLA-A11:01	1.174e+01	1.140e-01
11	9	HLA-A24:02	2.331e+01	1.274e-01
11	9	HLA-A24:06	1.888e+00	1.259e-01
11	9	HLA-A24:13	5.477e-01	7.825e-02
11	9	HLA-A26:01	1.265e+00	3.163e-01
11	9	HLA-A29:02	7.889e+00	8.766e-02
11	9	HLA-A30:01	1.819e-04	9.097e-05
11	9	HLA-A31:01	1.318e+01	1.305e-01
11	9	HLA-A32:01	1.969e+00	1.406e-01
11	9	HLA-A66:02	1.597e-01	1.597e-01
11	9	HLA-A68:02	5.854e+00	1.171e-01
11	9	HLA-B07:02	3.616e+01	1.339e-01
11	9	HLA-B08:01	3.044e+00	7.079e-02
11	9	HLA-B13:01	7.135e-03	2.378e-03
11	9	HLA-B14:02	6.778e-04	6.778e-04
11	9	HLA-B15:01	1.724e+01	1.157e-01
11	9	HLA-B15:02	6.603e+00	1.467e-01
11	9	HLA-B15:18	1.192e-02	1.192e-02
11	9	HLA-B18:01	7.182e-02	1.796e-02
11	9	HLA-B27:01	1.432e+01	1.193e-01
11	9	HLA-B27:02	1.439e+01	1.210e-01
11	9	HLA-B27:03	3.758e+00	1.296e-01
11	9	HLA-B27:04	3.531e+00	1.139e-01
11	9	HLA-B27:05	1.615e+01	1.145e-01
11	9	HLA-B27:06	3.850e+00	1.283e-01
11	9	HLA-B27:07	9.962e+00	1.487e-01
11	9	HLA-B27:08	8.510e+00	1.025e-01
11	9	HLA-B27:09	1.446e+01	1.056e-01
11	9	HLA-B35:01	5.265e+00	9.402e-02
11	9	HLA-B35:02	4.574e-02	4.574e-02
11	9	HLA-B35:03	5.040e-01	1.260e-01
11	9	HLA-B35:08	9.165e-01	1.309e-01
11	9	HLA-B39:01	1.969e+00	9.843e-02
11	9	HLA-B39:06	1.423e+00	1.094e-01
11	9	HLA-B40:01	1.137e+01	1.172e-01
11	9	HLA-B40:02	1.578e+01	1.223e-01
11	9	HLA-B41:01	8.646e-01	9.606e-02
11	9	HLA-B41:02	1.490e-01	1.490e-01
11	9	HLA-B41:03	2.630e-02	1.315e-02
11	9	HLA-B41:04	5.548e-01	9.246e-02
11	9	HLA-B41:05	4.243e-01	1.414e-01
11	9	HLA-B42:01	1.186e-01	1.186e-01
11	9	HLA-B44:02	2.015e+01	1.259e-01
11	9	HLA-B44:03	1.677e+01	1.290e-01
11	9	HLA-B44:08	2.511e-02	1.255e-02
11	9	HLA-B44:09	9.638e-01	9.638e-02
11	9	HLA-B44:27	1.262e+00	1.147e-01
11	9	HLA-B44:28	8.380e-01	1.397e-01
11	9	HLA-B45:01	5.165e-01	8.608e-02
11	9	HLA-B46:01	5.310e-01	2.950e-02
11	9	HLA-B47:01	1.045e-01	1.045e-01
11	9	HLA-B49:01	7.869e-02	7.869e-02
11	9	HLA-B50:01	5.894e-01	8.420e-02
11	9	HLA-B51:01	8.219e-01	4.326e-02
11	9	HLA-B51:08	3.079e-02	1.539e-02
11	9	HLA-B54:01	2.894e+00	9.335e-02
11	9	HLA-B56:01	2.653e+00	1.263e-01
11	9	HLA-B57:01	8.774e+01	1.205e-01
11	9	HLA-B57:03	1.913e+01	1.040e-01
11	9	HLA-B58:01	1.370e+01	1.079e-01
11	9	HLA-B73:01	3.941e-01	9.853e-02
11	9	HLA-C01:02	3.568e-01	2.745e-02
11	9	HLA-C02:02	5.251e-01	3.751e-02
11	9	HLA-C03:03	6.577e-01	1.096e-01
11	9	HLA-C03:04	8.908e-01	4.688e-02
11	9	HLA-C04:01	1.376e+00	1.251e-01
11	9	HLA-C05:01	9.754e+00	1.501e-01
11	9	HLA-C06:02	4.437e-01	3.413e-02
11	9	HLA-C07:01	5.845e-01	1.461e-01
11	9	HLA-C07:02	6.703e-01	4.189e-02
11	9	HLA-C08:02	2.441e+00	1.017e-01
11	9	HLA-C14:02	3.470e-01	4.957e-02
11	9	HLA-C15:02	2.838e-02	9.460e-03
11	9	HLA-C16:01	2.111e+00	1.624e-01
11	9	HLA-C17:01	5.269e-01	6.586e-02
11	10	HLA-A01:01	6.022e-01	2.325e-03
11	10	HLA-A02:01	1.168e+01	3.627e-02
11	10	HLA-A02:03	8.944e-04	5.261e-05
11	10	HLA-A02:04	2.017e+00	4.201e-02
11	10	HLA-A02:05	1.336e-01	1.908e-02
11	10	HLA-A02:07	2.142e+00	2.746e-02
11	10	HLA-A03:01	1.099e+00	8.080e-03
11	10	HLA-A03:02	2.766e-11	1.383e-11
11	10	HLA-A11:01	2.159e-03	2.097e-05
11	10	HLA-A24:02	9.636e-01	5.266e-03
11	10	HLA-A24:06	5.793e-02	3.862e-03
11	10	HLA-A24:13	2.959e-02	4.228e-03
11	10	HLA-A26:01	2.178e-01	5.445e-02
11	10	HLA-A29:02	2.860e+00	3.178e-02
11	10	HLA-A30:01	4.406e-05	2.203e-05
11	10	HLA-A31:01	2.196e-02	2.174e-04
11	10	HLA-A32:01	3.524e-02	2.517e-03
11	10	HLA-A66:02	1.597e-01	1.597e-01
11	10	HLA-A68:02	1.134e+00	2.267e-02
11	10	HLA-B07:02	4.694e+00	1.738e-02
11	10	HLA-B08:01	1.690e+00	3.930e-02
11	10	HLA-B13:01	1.390e-02	4.635e-03
11	10	HLA-B14:02	3.389e-14	3.389e-14
11	10	HLA-B15:01	1.172e-03	7.867e-06
11	10	HLA-B15:02	1.137e+00	2.527e-02
11	10	HLA-B15:18	1.426e-04	1.426e-04
11	10	HLA-B18:01	2.722e-01	6.806e-02
11	10	HLA-B27:01	4.311e+00	3.593e-02
11	10	HLA-B27:02	2.558e+00	2.149e-02
11	10	HLA-B27:03	9.069e-01	3.127e-02
11	10	HLA-B27:04	3.689e+00	1.190e-01
11	10	HLA-B27:05	5.077e+00	3.601e-02
11	10	HLA-B27:06	1.678e+00	5.593e-02
11	10	HLA-B27:07	2.562e+00	3.824e-02
11	10	HLA-B27:08	3.341e+00	4.025e-02
11	10	HLA-B27:09	2.853e+00	2.082e-02
11	10	HLA-B35:01	1.655e-01	2.955e-03
11	10	HLA-B35:02	2.286e-09	2.286e-09
11	10	HLA-B35:03	8.626e-02	2.157e-02
11	10	HLA-B35:08	2.451e-03	3.501e-04
11	10	HLA-B39:01	3.808e-02	1.904e-03
11	10	HLA-B39:06	4.862e-03	3.740e-04
11	10	HLA-B40:01	2.741e-01	2.825e-03
11	10	HLA-B40:02	5.561e-01	4.311e-03
11	10	HLA-B41:01	6.421e-02	7.134e-03
11	10	HLA-B41:02	3.387e-02	3.387e-02
11	10	HLA-B41:03	1.564e+00	7.819e-01
11	10	HLA-B41:04	2.545e-02	4.241e-03
11	10	HLA-B41:05	1.329e+00	4.429e-01
11	10	HLA-B42:01	3.262e-04	3.262e-04
11	10	HLA-B44:02	7.773e-02	4.858e-04
11	10	HLA-B44:03	2.316e-02	1.782e-04
11	10	HLA-B44:08	5.729e-14	2.865e-14
11	10	HLA-B44:09	8.135e-02	8.135e-03
11	10	HLA-B44:27	1.098e-03	9.985e-05
11	10	HLA-B44:28	5.872e-03	9.786e-04
11	10	HLA-B45:01	4.038e-03	6.730e-04
11	10	HLA-B46:01	1.015e+00	5.638e-02
11	10	HLA-B47:01	5.394e-02	5.394e-02
11	10	HLA-B49:01	2.301e-02	2.301e-02
11	10	HLA-B50:01	8.382e-03	1.197e-03
11	10	HLA-B51:01	5.397e+00	2.840e-01
11	10	HLA-B51:08	2.683e-05	1.342e-05
11	10	HLA-B54:01	1.977e-01	6.379e-03
11	10	HLA-B56:01	1.108e-02	5.275e-04
11	10	HLA-B57:01	1.632e+00	2.241e-03
11	10	HLA-B57:03	3.995e-01	2.171e-03
11	10	HLA-B58:01	6.884e-03	5.420e-05
11	10	HLA-B73:01	3.457e-02	8.642e-03
11	10	HLA-C01:02	1.036e+00	7.973e-02
11	10	HLA-C02:02	2.349e-05	1.678e-06
11	10	HLA-C03:03	6.300e-03	1.050e-03
11	10	HLA-C03:04	1.962e-03	1.033e-04
11	10	HLA-C04:01	6.773e-03	6.157e-04
11	10	HLA-C05:01	6.935e-01	1.067e-02
11	10	HLA-C06:02	7.620e-01	5.861e-02
11	10	HLA-C07:01	4.704e-03	1.176e-03
11	10	HLA-C07:02	7.879e-05	4.925e-06
11	10	HLA-C08:02	7.688e-04	3.203e-05
11	10	HLA-C14:02	8.048e-03	1.150e-03
11	10	HLA-C15:02	8.017e-04	2.672e-04
11	10	HLA-C16:01	3.028e-03	2.329e-04
11	10	HLA-C17:01	2.281e-05	2.851e-06
